1712999561984952117
1712999562085490758
1712999562186866834
1712999562291167063
1712999562388588575
1712999562491189526
1712999562888076050
1712999562984608681
1712999563085268175
1712999563180980796
1712999563283548391
1712999563378067508
1712999563478312699
1712999563581051256
1712999563682436704
1712999563777061813
1712999563881065161
1712999563980102738
1712999564082454076
1712999564183660362
1712999564278649383
1712999564377857947
1712999564480128039
1712999564577964884
1712999564681061032
1712999564784560299
1712999564883246829
1712999564977244442
1712999565085518176
1712999565181577035
1712999565279018702
1712999565382343867
1712999565480138910
1712999565578507399
1712999565679865459
1712999565782304883
1712999565878055200
1712999565981409841
1712999566077028676
1712999566178394821
1712999566281124272
1712999566377556121
1712999566477248268
1712999566577813638
1712999566679996834
1712999566777741684
1712999566877305374
1712999566978043653
1712999567077407327
1712999567177294754
1712999567278016915
1712999567380576661
1712999567478191753
1712999567578228927
1712999567680609428
1712999567777381209
1712999567878216786
1712999567977311067
1712999568079142674
1712999568180555257
1712999568281649884
1712999568377352064
1712999568479065782
1712999568581343669
1712999568680399400
1712999568778314234
1712999568877329211
1712999568977884333
1712999569078536500
1712999569182363380
1712999569284053785
1712999569380271501
1712999569483235705
1712999569577912976
1712999569681651256
1712999569780219346
1712999569881076208
1712999569980720905
1712999570078272485
1712999570178118898
1712999570277563376
1712999570380162379
1712999570477513842
1712999570578542929
1712999570678425910
1712999570781268278
1712999570877757546
1712999570977680545
1712999571078899957
1712999571179813241
1712999571277332282
1712999571377879181
1712999571481391928
1712999571578258198
1712999571682882103
1712999571778227727
1712999571880024199
1712999571979625200
1712999572082683056
1712999572181367134
1712999572279539932
1712999572378301917
1712999572479575744
1712999572579916448
1712999572680948162
1712999572783804808
1712999572883709548
1712999572980128531
1712999573087501741
1712999573178363834
1712999573278653667
1712999573377361009
1712999573477863678
1712999573578450558
1712999573679085480
1712999573778046218
1712999573878087970
1712999573979710321
1712999574077704304
1712999574178139850
1712999574280523282
1712999574380384599
1712999574485025406
1712999574580083932
1712999574677345299
1712999574777705158
1712999574879461375
1712999574977500735
1712999575077387830
1712999575178729840
1712999575277631799
1712999575377224223
1712999575477849790
1712999575577503025
1712999575678580251
1712999575782176954
1712999575884900011
1712999575986305717
1712999576081046790
1712999576177763032
1712999576280347952
1712999576378729717
1712999576482523529
1712999576584281737
1712999576679779444
1712999576784535407
1712999576882266227
1712999576984519682
1712999577080475428
1712999577179239850
1712999577284696834
1712999577378590536
1712999577479448810
1712999577581443153
1712999577681654167
1712999577782116589
1712999577877962398
1712999577981835937
1712999578078852805
1712999578179840651
1712999578280552840
1712999578382465624
1712999578479062153
1712999578580533532
1712999578679131399
1712999578778707132
1712999578878159640
1712999578981416340
1712999579077759609
1712999579183708120
1712999579280683888
1712999579379428583
1712999579482922582
1712999579578105592
1712999579677903235
1712999579781549805
1712999579881379189
1712999579980672390
1712999580078895110
1712999580179815591
1712999580280048463
1712999580385718560
1712999580478016949
1712999580577548278
1712999580677888160
1712999580780434707
1712999580877792476
1712999580977935928
1712999581078956042
1712999581177797006
1712999581279809703
1712999581377980277
1712999581483337296
1712999581577330961
1712999581678064732
1712999581778808926
1712999581879361059
1712999581978643129
1712999582080834626
1712999582177415474
1712999582280192597
1712999582381324761
1712999582481874147
1712999582577523353
1712999582679200322
1712999582777618776
1712999582877785561
1712999582977972749
1712999583080997228
1712999583179326512
1712999583281321639
1712999583377499718
1712999583481925020
1712999583581401799
1712999583683845410
1712999583777816469
1712999583883742257
1712999583986731824
1712999584081045381
1712999584185026992
1712999584277802317
1712999584378697388
1712999584477662699
1712999584577664811
1712999584677673642
1712999584778405011
1712999584883090487
1712999584978115141
1712999585079990200
1712999585179119201
1712999585278726596
1712999585378634887
1712999585481391506
1712999585577588350
1712999585678061829
1712999585777634550
1712999585877870670
1712999585981594807
1712999586081866822
1712999586181511371
1712999586281895828
1712999586381290365
1712999586485316281
1712999586583638272
1712999586678707071
1712999586778929970
1712999586879696512
1712999586982188793
1712999587078084499
1712999587177742028
1712999587280227988
1712999587378040638
1712999587477854440
1712999587583432880
1712999587677397202
1712999587778477201
1712999587879340312
1712999587977956185
1712999588082837971
1712999588178263372
1712999588282616472
1712999588390001952
1712999588485335104
1712999588582018819
1712999588678811804
1712999588782877882
1712999588878081870
1712999588983178678
1712999589079040108
1712999589178866544
1712999589287252996
1712999589379141154
1712999589481716412
1712999589582468352
1712999589678311856
1712999589780497010
1712999589885002785
1712999589978078418
1712999590078052878
1712999590177781220
1712999590280341156
1712999590379697714
1712999590478238056
1712999590577767710
1712999590679084695
1712999590781142383
1712999590881790787
1712999590980575827
1712999591081791639
1712999591178632633
1712999591278900532
1712999591377733069
1712999591478966288
1712999591581973377
1712999591678252579
1712999591777750500
1712999591885051148
1712999591981788239
1712999592078403058
1712999592180816520
1712999592278320381
1712999592379680826
1712999592479886381
1712999592580063761
1712999592678053055
1712999592781993924
1712999592878987507
1712999592980236119
1712999593082891346
1712999593180599770
1712999593280055938
1712999593377831422
1712999593483000689
1712999593578408652
1712999593678295568
1712999593778185161
1712999593878188632
1712999593977813857
1712999594077710825
1712999594178566231
1712999594278400895
1712999594379248441
1712999594481648413
1712999594581968294
1712999594682062018
1712999594778171735
1712999594879646639
1712999594980828132
1712999595078013161
1712999595178928529
1712999595278280200
1712999595377961980
1712999595481498370
1712999595581699261
1712999595678472943
1712999595779386012
1712999595877764316
1712999595980730717
1712999596081180813
1712999596179163638
1712999596277635952
1712999596379324313
1712999596483598533
1712999596582385419
1712999596682243533
1712999596783295662
1712999596882364356
1712999596978703412
1712999597078156662
1712999597181889286
1712999597280383916
1712999597383991162
1712999597479355558
1712999597578081304
1712999597678009907
1712999597783094060
1712999597882025890
1712999597983013719
1712999598079579538
1712999598178163983
1712999598279142912
1712999598381402304
1712999598483637482
1712999598583161630
1712999598680130937
1712999598778727554
1712999598882417532
1712999598983261105
1712999599078886829
1712999599177875900
1712999599281874014
1712999599382127572
1712999599481223388
1712999599581298727
1712999599682590162
1712999599777773777
1712999599878760144
1712999599978755270
1712999600077558438
1712999600177506932
1712999600279542758
1712999600377725501
1712999600478961016
1712999600579496225
1712999600682011260
1712999600782510194
1712999600880619965
1712999600981281468
1712999601080097747
1712999601179030852
1712999601278360201
1712999601377893455
1712999601477789915
1712999601581578524
1712999601680641286
1712999601777565878
1712999601878106183
1712999601981906900
1712999602080844357
1712999602178909054
1712999602279082600
1712999602380581766
1712999602477842559
1712999602584952277
1712999602677899589
1712999602777426788
1712999602878460908
1712999602977787270
1712999603080320227
1712999603177819306
1712999603279200310
1712999603379359714
1712999603481077709
1712999603586169342
1712999603679266448
1712999603780158199
1712999603881050088
1712999603983338887
1712999604081350321
1712999604182059075
1712999604277784829
1712999604380435986
1712999604478809633
1712999604577627530
1712999604678022612
1712999604777531087
1712999604877883661
1712999604984282946
1712999605078251560
1712999605181653542
1712999605278146617
1712999605378648431
1712999605479081890
1712999605581196608
1712999605679217963
1712999605782390865
1712999605879227752
1712999605978852023
1712999606077650302
1712999606183250818
1712999606277968736
1712999606378608073
1712999606479530681
1712999606578196662
1712999606681445051
1712999606781521872
1712999606877990200
1712999606978717775
1712999607078707466
1712999607187122122
1712999607280909096
1712999607378472085
1712999607478678625
1712999607577727583
1712999607680264147
1712999607777690849
1712999607878103457
1712999607978916111
1712999608079519095
1712999608178388818
1712999608281820640
1712999608381406156
1712999608482564930
1712999608583692735
1712999608681067855
1712999608779278794
1712999608880310581
1712999608977508636
1712999609079057967
1712999609177917037
1712999609281106718
1712999609384317628
1712999609478616711
1712999609577638496
1712999609679245398
1712999609778050486
1712999609878221051
1712999609982753659
1712999610085055941
1712999610183100403
1712999610282918504
1712999610378551505
1712999610478161253
1712999610582104934
1712999610681023911
1712999610782078741
1712999610878250265
1712999610978111727
1712999611081732354
1712999611182034830
1712999611279763074
1712999611382817900
1712999611480213157
1712999611577791030
1712999611685029857
1712999611777591516
1712999611880189262
1712999611978382348
1712999612080259254
1712999612180143390
1712999612278508448
1712999612377551858
1712999612477755967
1712999612578132807
1712999612681908236
1712999612780778950
1712999612878978297
1712999612980825868
1712999613077696667
1712999613182078896
1712999613287915200
1712999613383982111
1712999613480723756
1712999613584296263
1712999613678324608
1712999613780331728
1712999613878162873
1712999613977842401
1712999614078977767
1712999614177822534
1712999614279315229
1712999614381920874
1712999614478334765
1712999614583353421
1712999614678575460
1712999614781596786
1712999614887083757
1712999614984420991
1712999615078184979
1712999615177590514
1712999615282018425
1712999615384527467
1712999615478070314
1712999615577635976
1712999615679455192
1712999615777883699
1712999615881906152
1712999615981619782
1712999616079880874
1712999616180262543
1712999616281750790
1712999616378304074
1712999616478771165
1712999616583263112
1712999616678234063
1712999616787927169
1712999616879879491
1712999616984439674
1712999617079439168
1712999617177885984
1712999617280546485
1712999617382679844
1712999617478569373
1712999617577689881
1712999617682925680
1712999617779578802
1712999617880097716
1712999617977806548
1712999618078261610
1712999618182299787
1712999618278591020
1712999618377669542
1712999618482796867
1712999618583881865
1712999618678104007
1712999618777703105
1712999618879306335
1712999618979443834
1712999619078263340
1712999619180556400
1712999619278136017
1712999619381201471
1712999619477852641
1712999619578018443
1712999619678582446
1712999619782436585
1712999619883827728
1712999619979798089
1712999620082619327
1712999620177972385
1712999620280292902
1712999620377862470
1712999620477814383
1712999620581383915
1712999620678886367
1712999620778302315
1712999620882614630
1712999620985897767
1712999621078833931
1712999621179407571
1712999621279252129
1712999621381714220
1712999621485536196
1712999621579065693
1712999621679453680
1712999621781389143
1712999621887495112
1712999621982093427
1712999622078996813
1712999622177712490
1712999622283210033
1712999622381992539
1712999622480268958
1712999622581674454
1712999622682512784
1712999622777936364
1712999622882945470
1712999622978299829
1712999623077754785
1712999623186963406
1712999623280398052
1712999623380198397
1712999623481469421
1712999623578220664
1712999623683092415
1712999623777556852
1712999623887179830
1712999623979531659
1712999624077601008
1712999624177797064
1712999624280617676
1712999624378022373
1712999624478287678
1712999624581414066
1712999624682217609
1712999624779163497
1712999624883496252
1712999624979593974
1712999625078197515
1712999625179747990
1712999625277630460
1712999625380610217
1712999625479561991
1712999625580261636
1712999625678390339
1712999625777656939
1712999625882771221
1712999625980064309
1712999626082285884
1712999626177917956
1712999626281825428
1712999626378055239
1712999626478523600
1712999626579166095
1712999626682227253
1712999626778751950
1712999626880121179
1712999626981889130
1712999627079835222
1712999627178364799
1712999627278749130
1712999627380114587
1712999627478055382
1712999627578297489
1712999627677516864
1712999627779218365
1712999627878664477
1712999627981787269
1712999628084078515
1712999628178694193
1712999628279107722
1712999628378185516
1712999628478602284
1712999628582633034
1712999628678555343
1712999628777573176
1712999628878114616
1712999628978699643
1712999629079208614
1712999629178521786
1712999629277964756
1712999629377483838
1712999629479799861
1712999629579016215
1712999629682590558
1712999629782014218
1712999629882277444
1712999629978069291
1712999630080570997
1712999630179964317
1712999630278861208
1712999630378261753
1712999630478974379
1712999630579514159
1712999630682824561
1712999630784613797
1712999630882532322
1712999630982308661
1712999631085431988
1712999631179061382
1712999631281115748
1712999631379599369
1712999631481769324
1712999631580011966
1712999631678344121
1712999631778355756
1712999631878554526
1712999631985505443
1712999632081861399
1712999632180344435
1712999632278808945
1712999632378601247
1712999632479071526
1712999632581034663
1712999632683956602
1712999632780261867
1712999632880800912
1712999632979471257
1712999633081068971
1712999633181862693
1712999633278050540
1712999633382666312
1712999633480145209
1712999633577639987
1712999633678184079
1712999633777847002
1712999633880091498
1712999633979997933
1712999634077983569
1712999634178250664
1712999634278961276
1712999634379791185
1712999634478255865
1712999634577853226
1712999634678494099
1712999634777946153
1712999634879396545
1712999634978729898
1712999635079847704
1712999635178044610
1712999635278412681
1712999635384026616
1712999635481011980
1712999635581264721
1712999635678418427
1712999635777636381
1712999635882746592
1712999635980075199
1712999636079075968
1712999636182249756
1712999636281784829
1712999636379550961
1712999636478788283
1712999636578419001
1712999636681843142
1712999636781967492
1712999636882025278
1712999636979193180
1712999637080694252
1712999637183187166
1712999637284875480
1712999637377558559
1712999637478806015
1712999637577755302
1712999637682577867
1712999637782256431
1712999637885788403
1712999637982010539
1712999638082267231
1712999638178987971
1712999638277926828
1712999638377907563
1712999638479931983
1712999638586305906
1712999638685086065
1712999638783695128
1712999638881573715
1712999638983710437
1712999639087406980
1712999639178562361
1712999639279260295
1712999639378479739
1712999639477911089
1712999639578118537
1712999639678375404
1712999639777334356
1712999639881998812
1712999639977864087
1712999640079550482
1712999640177808355
1712999640277890229
1712999640379092270
1712999640485647028
1712999640577726820
1712999640678402252
1712999640777698059
1712999640878845453
1712999640978237988
1712999641077795694
1712999641178255985
1712999641280392334
1712999641377709825
1712999641478625237
1712999641578153300
1712999641678337714
1712999641780211736
1712999641882023289
1712999641980170085
1712999642080696629
1712999642182892704
1712999642281218412
1712999642380774162
1712999642483576362
1712999642578677133
1712999642679342725
1712999642782970078
1712999642880874541
1712999642984568054
1712999643079638001
1712999643182822165
1712999643278171982
1712999643379756325
1712999643477949458
1712999643577822253
1712999643684005692
1712999643781197162
1712999643878655282
1712999643984418246
1712999644081320853
1712999644184204873
1712999644278200134
1712999644377831206
1712999644478100740
1712999644579301752
1712999644681243139
1712999644778571707
1712999644878343360
1712999644977851333
1712999645078041729
1712999645177818657
1712999645282873942
1712999645381793454
1712999645480704531
1712999645581838943
1712999645684068573
1712999645778772632
1712999645880118101
1712999645977428246
1712999646077533561
1712999646182145165
1712999646281428414
1712999646381210323
1712999646478099827
1712999646586996107
1712999646681506545
1712999646777668021
1712999646880968029
1712999646979584361
1712999647081720107
1712999647177713181
1712999647277873661
1712999647377773499
1712999647478010485
1712999647583492453
1712999647678545588
1712999647780021918
1712999647884559992
1712999647978094693
1712999648078968814
1712999648183279295
1712999648280831607
1712999648379705209
1712999648482135960
1712999648579140400
1712999648682189714
1712999648777992605
1712999648883038797
1712999648978117776
1712999649077925158
1712999649181841751
1712999649281071991
1712999649379214769
1712999649479430914
1712999649578792821
1712999649679863806
1712999649787775249
1712999649878517551
1712999649979134033
1712999650081858858
1712999650182666920
1712999650278005379
1712999650382195078
1712999650478737689
1712999650577480160
1712999650677395574
1712999650778513047
1712999650881068783
1712999650978532156
1712999651078858634
1712999651178845543
1712999651280036348
1712999651383494121
1712999651478083556
1712999651582149421
1712999651684519065
1712999651781910518
1712999651886059009
1712999651981153101
1712999652078230058
1712999652193018974
1712999652280177629
1712999652380205241
1712999652478743246
1712999652579578487
1712999652679682757
1712999652778607580
1712999652878735889
1712999652980697053
1712999653077472599
1712999653177963296
1712999653281905186
1712999653378149052
1712999653482629925
1712999653577400516
1712999653677936657
1712999653778055265
1712999653878215757
1712999653977835645
1712999654077322321
1712999654179664101
1712999654278163405
1712999654377871597
1712999654482746328
1712999654581705427
1712999654681341275
1712999654778019891
1712999654878992509
1712999654980563733
1712999655077868912
1712999655181293160
1712999655288396577
1712999655378028367
1712999655477908397
1712999655578194466
1712999655680040999
1712999655780817319
1712999655878168773
1712999655977590479
1712999656080203621
1712999656178880324
1712999656284445898
1712999656379160634
1712999656479615251
1712999656581878090
1712999656681830331
1712999656782595747
1712999656877945910
1712999656977918292
1712999657077862585
1712999657179475759
1712999657278797748
1712999657383193925
1712999657478360502
1712999657578764067
1712999657677902504
1712999657778224322
1712999657880583871
1712999657977858668
1712999658079714293
1712999658177467786
1712999658281819674
1712999658379018865
1712999658479500977
1712999658578243185
1712999658678422196
1712999658778037436
1712999658879372645
1712999658980612555
1712999659077539154
1712999659184024856
1712999659277642522
1712999659380100213
1712999659479102348
1712999659579627985
1712999659677714546
1712999659777531534
1712999659878250696
1712999659977822447
1712999660077705755
1712999660184745745
1712999660277713006
1712999660387318562
1712999660482405463
1712999660582548538
1712999660681168255
1712999660777730341
1712999660881335407
1712999660982204451
1712999661079123937
1712999661184564603
1712999661278798168
1712999661380505437
1712999661481519542
1712999661582657193
1712999661683342189
1712999661780250501
1712999661878131986
1712999661980852231
1712999662086356662
1712999662180886571
1712999662278837761
1712999662378788125
1712999662480074570
1712999662579045028
1712999662683165148
1712999662778633909
1712999662878818807
1712999662979310347
1712999663080472461
1712999663178538006
1712999663277864333
1712999663380704698
1712999663478462410
1712999663578004172
1712999663678948979
1712999663777640813
1712999663878726272
1712999663978218664
1712999664077921112
1712999664178958860
1712999664278569616
1712999664377945895
1712999664484323585
1712999664577849396
1712999664680007394
1712999664779894983
1712999664880806093
1712999664977865321
1712999665082376958
1712999665178375973
1712999665279612358
1712999665383603630
1712999665484288931
1712999665577804257
1712999665678104677
1712999665778439890
1712999665881559261
1712999665977652762
1712999666077482294
1712999666178018803
1712999666279699200
1712999666381446523
1712999666478305962
1712999666577556912
1712999666677987382
1712999666782731355
1712999666878707636
1712999666979792317
1712999667077991731
1712999667181114486
1712999667283198126
1712999667378502638
1712999667479668496
1712999667577601157
1712999667677694066
1712999667777595809
1712999667879277457
1712999667979993389
1712999668082378376
1712999668179689835
1712999668280573233
1712999668378459041
1712999668478278502
1712999668581161928
1712999668678303593
1712999668779945570
1712999668877759958
1712999668980134945
1712999669081980043
1712999669180715228
1712999669278671722
1712999669380807509
1712999669478575543
1712999669578005715
1712999669678384779
1712999669777479882
1712999669879197939
1712999669978226575
1712999670077706253
1712999670177892695
1712999670279472582
1712999670378503768
1712999670486603261
1712999670578701386
1712999670678147833
1712999670780354664
1712999670879870054
1712999670977905073
1712999671083886494
1712999671179127773
1712999671281547325
1712999671378932604
1712999671481563049
1712999671581342981
1712999671678608988
1712999671781236309
1712999671878409025
1712999671985054105
1712999672081671246
1712999672178063186
1712999672282803144
1712999672381997193
1712999672479874906
1712999672578884474
1712999672684330074
1712999672778013187
1712999672877662532
1712999672977848541
1712999673082217077
1712999673181608265
1712999673282408708
1712999673384771303
1712999673480606099
1712999673577552711
1712999673678017414
1712999673777536514
1712999673878436450
1712999673983427033
1712999674082112113
1712999674182870626
1712999674278829456
1712999674381510694
1712999674478325592
1712999674581459299
1712999674678733584
1712999674778748113
1712999674877805823
1712999674978425237
1712999675081435580
1712999675182736735
1712999675283528978
1712999675380020310
1712999675482808814
1712999675577370432
1712999675680078265
1712999675777525762
1712999675878467725
1712999675978733749
1712999676077965046
1712999676177969570
1712999676277824588
1712999676380169879
1712999676478212282
1712999676578013174
1712999676678225550
1712999676781181618
1712999676877726516
1712999676977607430
1712999677077745137
1712999677177904025
1712999677279926765
1712999677384720295
1712999677479133170
1712999677581638741
1712999677679851346
1712999677779658037
1712999677883122942
1712999677980889895
1712999678082209113
1712999678177862574
1712999678277887862
1712999678377907656
1712999678483645684
1712999678583119905
1712999678682703578
1712999678783460578
1712999678877791001
1712999678978315832
1712999679078096766
1712999679183671882
1712999679283135130
1712999679381229066
1712999679480316614
1712999679580167332
1712999679678444378
1712999679778081506
1712999679878186328
1712999679985770967
1712999680077995807
1712999680182661556
1712999680280196834
1712999680378463573
1712999680478774424
1712999680579040085
1712999680678764993
1712999680782153418
1712999680881419904
1712999680978737426
1712999681078638463
1712999681178105403
1712999681278968440
1712999681379217933
1712999681483659059
1712999681581862541
1712999681685461008
1712999681781425644
1712999681878390336
1712999681981103198
1712999682079436995
1712999682179839376
1712999682278966812
1712999682378399137
1712999682477755429
1712999682578308114
1712999682682044429
1712999682777871511
1712999682879261561
1712999682980330999
1712999683080624470
1712999683181973662
1712999683278951560
1712999683384151004
1712999683483684966
1712999683579949321
1712999683682414197
1712999683780887709
1712999683878157818
1712999683981502004
1712999684082250477
1712999684177840179
1712999684279261633
1712999684380088867
1712999684480042629
1712999684577837357
1712999684678073946
1712999684780028394
1712999684877724395
1712999684977642324
1712999685081579864
1712999685183026985
1712999685283242640
1712999685381820084
1712999685485764476
1712999685579482240
1712999685680413904
1712999685781737388
1712999685882345553
1712999685981892623
1712999686082188003
1712999686179647744
1712999686277534944
1712999686381636787
1712999686480568910
1712999686578114941
1712999686678267451
1712999686778029264
1712999686877696133
1712999686978862484
1712999687078214658
1712999687181398411
1712999687285164461
1712999687380541851
1712999687478559670
1712999687584070546
1712999687681920589
1712999687778475420
1712999687879734853
1712999687979923437
1712999688078119523
1712999688178067886
1712999688278655647
1712999688379328894
1712999688478641240
1712999688579174336
1712999688677987080
1712999688777980123
1712999688878880489
1712999688978733488
1712999689080425797
1712999689177509643
1712999689282926537
1712999689380061808
1712999689480131058
1712999689583706374
1712999689680421407
1712999689781812416
1712999689878270395
1712999689977948310
1712999690078284380
1712999690178163177
1712999690284015501
1712999690377709350
1712999690480477948
1712999690582853210
1712999690684020211
1712999690781693742
1712999690878482647
1712999690977660776
1712999691077471934
1712999691182253604
1712999691278312184
1712999691381538608
1712999691480383514
1712999691578435511
1712999691678505033
1712999691778264083
1712999691882019597
1712999691981740997
1712999692082653652
1712999692182495721
1712999692282223734
1712999692378440624
1712999692482698299
1712999692582153111
1712999692687549929
1712999692780163137
1712999692877968804
1712999692977881760
1712999693079450085
1712999693179047451
1712999693279617108
1712999693378115785
1712999693482173528
1712999693578232705
1712999693678124650
1712999693780185542
1712999693882249790
1712999693978446069
1712999694080196538
1712999694179760079
1712999694278219185
1712999694379520165
1712999694481897459
1712999694578012632
1712999694681305260
1712999694777677138
1712999694886039172
1712999694982956135
1712999695077834175
1712999695184388959
1712999695278823638
1712999695381688436
1712999695479548107
1712999695580402791
1712999695679155177
1712999695779147040
1712999695882115853
1712999695981058055
1712999696080937550
1712999696178731410
1712999696277500928
1712999696377515758
1712999696477622794
1712999696577654651
1712999696680913197
1712999696777730240
1712999696880363517
1712999696978296343
1712999697078786650
1712999697180040969
1712999697284818768
1712999697381240083
1712999697481318753
1712999697582471869
1712999697678282180
1712999697779553765
1712999697882414185
1712999697983989929
1712999698084577083
1712999698183822689
1712999698281555532
1712999698378651250
1712999698477993221
1712999698578741477
1712999698677943487
1712999698779694497
1712999698886147710
1712999698978023543
1712999699078576535
1712999699178906115
1712999699280025636
1712999699377872352
1712999699480430803
1712999699582772477
1712999699684454633
1712999699778571720
1712999699879631341
1712999699980123767
1712999700078953743
1712999700178229990
1712999700278138532
1712999700379277918
1712999700481347685
1712999700578686530
1712999700678481472
1712999700778757272
1712999700879715058
1712999700982377633
1712999701082386750
1712999701182648331
1712999701277905281
1712999701380571860
1712999701479285390
1712999701578010850
1712999701684108760
1712999701784102197
1712999701877787997
1712999701980265666
1712999702080969275
1712999702178970218
1712999702278455165
1712999702378813753
1712999702477451401
1712999702585044465
1712999702678903467
1712999702778155060
1712999702877925745
1712999702984366657
1712999703078965720
1712999703178142604
1712999703280424862
1712999703377717601
1712999703480031937
1712999703577743225
1712999703680700268
1712999703778901549
1712999703877944077
1712999703979599728
1712999704079268842
1712999704181350908
1712999704282052406
1712999704378679813
1712999704481792603
1712999704580940151
1712999704680854531
1712999704779665596
1712999704880459465
1712999704981125264
1712999705081525911
1712999705180871043
1712999705281909435
1712999705382896023
1712999705484215723
1712999705577537227
1712999705680980370
1712999705784668382
1712999705882661623
1712999705978863695
1712999706082101101
1712999706177815300
1712999706278161400
1712999706377996353
1712999706481396988
1712999706582241763
1712999706680083583
1712999706782134974
1712999706879576296
1712999706977992707
1712999707083491603
1712999707178110370
1712999707282578144
1712999707383568739
1712999707483313608
1712999707583307373
1712999707677941181
1712999707777689035
1712999707879993118
1712999707980877571
1712999708084987411
1712999708180816102
1712999708279851568
1712999708385831264
1712999708479638349
1712999708581814001
1712999708678305276
1712999708778135053
1712999708878028482
1712999708979973699
1712999709081729241
1712999709180618251
1712999709280417227
1712999709381550968
1712999709479953513
1712999709579786753
1712999709680900656
1712999709782817235
1712999709878668664
1712999709977800590
1712999710084148135
1712999710181540048
1712999710279512170
1712999710379724371
1712999710479753185
1712999710577909808
1712999710679825319
1712999710780285137
1712999710877994359
1712999710977971010
1712999711080266662
1712999711182476765
1712999711284232193
1712999711382235826
1712999711479447558
1712999711577778444
1712999711680506845
1712999711779939703
1712999711882281432
1712999711981822183
1712999712077840343
1712999712179499344
1712999712281585407
1712999712378704662
1712999712481480331
1712999712581853663
1712999712678042009
1712999712779978028
1712999712879704421
1712999712981205366
1712999713081883407
1712999713177802522
1712999713283101354
1712999713380966596
1712999713480946826
1712999713583192109
1712999713678192851
1712999713777681627
1712999713878249374
1712999713981158610
1712999714077263282
1712999714177751652
1712999714280452454
1712999714377622669
1712999714479648703
1712999714578688198
1712999714679404837
1712999714779572330
1712999714878562184
1712999714978411131
1712999715077930723
1712999715178217626
1712999715277759658
1712999715380573579
1712999715479099584
1712999715578337936
1712999715682794995
1712999715779742427
1712999715879265877
1712999715983312577
1712999716083786834
1712999716177750342
1712999716278332540
1712999716381590356
1712999716480467706
1712999716577965134
1712999716679649886
1712999716778410390
1712999716882163212
1712999716979472455
1712999717080897919
1712999717177544063
1712999717278402919
1712999717380362378
1712999717482046602
1712999717578055369
1712999717678115265
1712999717781681844
1712999717877839054
1712999717978154719
1712999718084227694
1712999718182511925
1712999718277915962
1712999718378257705
1712999718477730457
1712999718580321595
1712999718678571479
1712999718777447278
1712999718882811935
1712999718984083589
1712999719087974745
1712999719179042119
1712999719279469172
1712999719377918344
1712999719480565624
1712999719580586184
1712999719678997325
1712999719777521237
1712999719879056388
1712999719979162011
1712999720077501960
1712999720179401825
1712999720278717456
1712999720380719138
1712999720477753203
1712999720577516043
1712999720681078313
1712999720781899280
1712999720888280846
1712999720978378009
1712999721078703973
1712999721177967196
1712999721278060107
1712999721380098097
1712999721481539735
1712999721578116541
1712999721678852000
1712999721779659703
1712999721883114423
1712999721978794967
1712999722080418541
1712999722180461694
1712999722278255524
1712999722378956371
1712999722477751420
1712999722581419409
1712999722682464014
1712999722783468237
1712999722878006245
1712999722981299672
1712999723079102267
1712999723179522834
1712999723277637237
1712999723378994662
1712999723478490875
1712999723578058196
1712999723679322057
1712999723783245799
1712999723882816437
1712999723978910453
1712999724078041921
1712999724177703872
1712999724280579223
1712999724377482855
1712999724483989116
1712999724579848511
1712999724679079302
1712999724781950791
1712999724881826791
1712999724983936859
1712999725081774850
1712999725180318150
1712999725278017374
1712999725381940777
1712999725479737148
1712999725582004229
1712999725678368426
1712999725777701185
1712999725877905130
1712999725982222583
1712999726079282601
1712999726182729499
1712999726281737031
1712999726382469833
1712999726479116725
1712999726579063136
1712999726681102754
1712999726780748763
1712999726883066607
1712999726984660692
1712999727086055429
1712999727177858441
1712999727281574725
1712999727380505079
1712999727480168375
1712999727578975616
1712999727679978267
1712999727779073020
1712999727879952096
1712999727982098461
1712999728088386180
1712999728177927623
1712999728280884645
1712999728377854803
1712999728482048520
1712999728578404981
1712999728680694452
1712999728778339496
1712999728879365339
1712999728979767889
1712999729080133645
1712999729179644364
1712999729283909221
1712999729381426264
1712999729478488746
1712999729587589535
1712999729681951271
1712999729781035401
1712999729879717482
1712999729977747343
1712999730077808158
1712999730178907447
1712999730281066920
1712999730380304282
1712999730482091167
1712999730581573266
1712999730686130807
1712999730777606350
1712999730879620260
1712999730982731861
1712999731080901212
1712999731178639943
1712999731278893414
1712999731378414248
1712999731479021126
1712999731577578653
1712999731680423970
1712999731778989543
1712999731881700395
1712999731978267920
1712999732082058342
1712999732178832969
1712999732278906337
1712999732378736181
1712999732481967736
1712999732580204641
1712999732682359610
1712999732782080879
1712999732881700093
1712999732980200252
1712999733080231225
1712999733188580780
1712999733281633404
1712999733378255367
1712999733479611740
1712999733580326883
1712999733679545878
1712999733780159854
1712999733878958339
1712999733978496614
1712999734082814004
1712999734182377415
1712999734281868065
1712999734384283283
1712999734478031793
1712999734584477489
1712999734679004377
1712999734779121897
1712999734878704861
1712999734981461094
1712999735084633304
1712999735181493492
1712999735280084839
1712999735377795277
1712999735481242266
1712999735581224865
1712999735678545117
1712999735781179444
1712999735885009041
1712999735977537368
1712999736081522482
1712999736178482521
1712999736279064085
1712999736379034178
1712999736480357084
1712999736581833298
1712999736681627381
1712999736777594201
1712999736879719269
1712999736980021276
1712999737081270719
1712999737182059193
1712999737281221681
1712999737378914636
1712999737480480996
1712999737580632004
1712999737677675497
1712999737781010179
1712999737878286675
1712999737978653174
1712999738078521695
1712999738183096223
1712999738284679372
1712999738378746033
1712999738478848771
1712999738581700640
1712999738680311929
1712999738779358531
1712999738878207359
1712999738983227462
1712999739081276333
1712999739184098746
1712999739281462332
1712999739382672915
1712999739477927996
1712999739577872002
1712999739680870929
1712999739781235435
1712999739881898213
1712999739982139467
1712999740082387553
1712999740177741806
1712999740283665189
1712999740379876899
1712999740487568737
1712999740577898090
1712999740682509010
1712999740780865779
1712999740877621572
1712999740980992060
1712999741079017518
1712999741181277328
1712999741278154323
1712999741379985563
1712999741478007419
1712999741578642408
1712999741677731816
1712999741782758444
1712999741877479951
1712999741977845377
1712999742081991534
1712999742180894125
1712999742282595870
1712999742380463730
1712999742478426650
1712999742581179979
1712999742680923898
1712999742779653841
1712999742879061543
1712999742978309907
1712999743083386839
1712999743181951491
1712999743282663455
1712999743382962891
1712999743479707300
1712999743579354550
1712999743678310186
1712999743782020698
1712999743878795001
1712999743980856722
1712999744078786736
1712999744177586634
1712999744281983920
1712999744377930773
1712999744478051366
1712999744579214857
1712999744678257686
1712999744777921380
1712999744880095208
1712999744978104748
1712999745079644429
1712999745180162793
1712999745283721401
1712999745382269561
1712999745478760867
1712999745578869415
1712999745678489405
1712999745778009743
1712999745882244553
1712999745987418593
1712999746079494067
1712999746178277539
1712999746279246553
1712999746380231750
1712999746484113164
1712999746584264749
1712999746680879895
1712999746782418618
1712999746877889391
1712999746978398543
1712999747080219497
1712999747177518658
1712999747280292235
1712999747382406574
1712999747485515120
1712999747579252337
1712999747680151123
1712999747779705601
1712999747878524448
1712999747979507470
1712999748084787668
1712999748178093642
1712999748280594573
1712999748382678343
1712999748483740183
1712999748581810281
1712999748678647591
1712999748784234162
1712999748880293035
1712999748979306563
1712999749081563381
1712999749179071478
1712999749285874904
1712999749382126840
1712999749482105346
1712999749578870285
1712999749680885295
1712999749777860836
1712999749881166566
1712999749978860875
1712999750083009543
1712999750180386118
1712999750280062288
1712999750377800596
1712999750477773618
1712999750577841096
1712999750683673527
1712999750783866711
1712999750880264259
1712999750984208226
1712999751078090175
1712999751180566202
1712999751281618046
1712999751379548944
1712999751478733338
1712999751577943953
1712999751678029598
1712999751780346743
1712999751878998245
1712999751980448721
1712999752081904458
1712999752177431038
1712999752277861557
1712999752381144947
1712999752480570024
1712999752581909867
1712999752679856551
1712999752777860576
1712999752879132121
1712999752978909502
1712999753083853833
1712999753177922472
1712999753280777487
1712999753381393542
1712999753482373140
1712999753578823061
1712999753678014207
1712999753778605856
1712999753883635045
1712999753982657074
1712999754077968107
1712999754182927879
1712999754281058511
1712999754380608011
1712999754479312411
1712999754577633667
1712999754683690962
1712999754778281612
1712999754878277802
1712999754977970495
1712999755081699875
1712999755179880044
1712999755278024762
1712999755381139124
1712999755477983447
1712999755579325632
1712999755677973199
1712999755779865489
1712999755880331520
1712999755978345852
1712999756077506411
1712999756181751492
1712999756280890431
1712999756382355622
1712999756482549068
1712999756583726360
1712999756678819273
1712999756779734254
1712999756884056578
1712999756980372952
1712999757078167409
1712999757181639550
1712999757278191957
1712999757382202273
1712999757478209433
1712999757578391676
1712999757685499969
1712999757779743730
1712999757882216118
1712999757979084151
1712999758079618502
1712999758177728226
1712999758279402273
1712999758382896296
1712999758479166234
1712999758578146703
1712999758679143129
1712999758777831400
1712999758879162833
1712999758978141056
1712999759079227126
1712999759181706964
1712999759282649430
1712999759379723737
1712999759481622420
1712999759577889311
1712999759678080833
1712999759782420747
1712999759882431206
1712999759979321584
1712999760079105242
1712999760181967396
1712999760282015863
1712999760380917297
1712999760477451212
1712999760579301453
1712999760677994457
1712999760779045604
1712999760877516698
1712999760980195530
1712999761079858531
1712999761177640330
1712999761278979045
1712999761378756298
1712999761481803286
1712999761577634342
1712999761682389008
1712999761780252396
1712999761884645519
1712999761982900201
1712999762079736188
1712999762181430052
1712999762278070650
1712999762379515775
1712999762481880899
1712999762580234819
1712999762680123611
1712999762782199955
1712999762883182043
1712999762977511057
1712999763079250653
1712999763181922025
1712999763281006664
1712999763378425508
1712999763480112611
1712999763580659599
1712999763678811441
1712999763782562893
1712999763879917754
1712999763981608511
1712999764082193964
1712999764182023653
1712999764278492471
1712999764378000922
1712999764481822074
1712999764578779207
1712999764678261026
1712999764780279637
1712999764877590316
1712999764977624975
1712999765079587129
1712999765177518193
1712999765277895817
1712999765380377361
1712999765480459369
1712999765582146049
1712999765682720461
1712999765782609380
1712999765879941689
1712999765980157330
1712999766081749508
1712999766181106746
1712999766277741100
1712999766378347262
1712999766489661705
1712999766578000429
1712999766681596834
1712999766777684280
1712999766884236046
1712999766978832424
1712999767079192041
1712999767177398064
1712999767278953370
1712999767377805375
1712999767479393552
1712999767580981816
1712999767677736590
1712999767785718114
1712999767882065692
1712999767982125741
1712999768085110705
1712999768177619802
1712999768278190962
1712999768380213249
1712999768481993526
1712999768579534810
1712999768678666524
1712999768777757017
1712999768879976282
1712999768979454361
1712999769077702330
1712999769183340791
1712999769278052967
1712999769378475435
1712999769479575407
1712999769580028291
1712999769677899213
1712999769778387863
1712999769881219048
1712999769981220188
1712999770078284431
1712999770177623040
1712999770282763968
1712999770379197041
1712999770477560547
1712999770578988725
1712999770679192249
1712999770777907440
1712999770880041058
1712999770978741835
1712999771081308616
1712999771182886052
1712999771281896822
1712999771378092819
1712999771477662150
1712999771578306986
1712999771678289686
1712999771778689100
1712999771879161510
1712999771977759631
1712999772081256635
1712999772180804247
1712999772278780310
1712999772382025911
1712999772482555268
1712999772580355285
1712999772678207037
1712999772782253766
1712999772880903244
1712999772977867000
1712999773079747721
1712999773178892280
1712999773277568361
1712999773380227700
1712999773479355214
1712999773582238561
1712999773677982230
1712999773782935320
1712999773881771125
1712999773984044549
1712999774083595367
1712999774179588635
1712999774285596755
1712999774379128383
1712999774482126023
1712999774579352435
1712999774688859395
1712999774778496734
1712999774882367827
1712999774979357181
1712999775077811059
1712999775179976392
1712999775279068331
1712999775377413343
1712999775480132761
1712999775579335918
1712999775681597330
1712999775777605278
1712999775881128565
1712999775983634996
1712999776080312112
1712999776178550423
1712999776281887469
1712999776381206064
1712999776477663037
1712999776584766181
1712999776680764723
1712999776777754939
1712999776880130403
1712999776978129353
1712999777078308532
1712999777178241673
1712999777278163059
1712999777378169956
1712999777478573273
1712999777583360363
1712999777679156467
1712999777780932661
1712999777879031565
1712999777981960378
1712999778081936053
1712999778181870343
1712999778286792277
1712999778380427095
1712999778478003464
1712999778587727624
1712999778678661946
1712999778778445514
1712999778884128740
1712999778978717496
1712999779077800766
1712999779185103742
1712999779278657742
1712999779377959609
1712999779477438156
1712999779580817117
1712999779684176550
1712999779777682607
1712999779878540967
1712999779978849569
1712999780077773810
1712999780182682073
1712999780281230015
1712999780378662614
1712999780483269239
1712999780578047785
1712999780679734357
1712999780777937848
1712999780880272748
1712999780977756350
1712999781081474779
1712999781179673065
1712999781280243015
1712999781380646758
1712999781481740500
1712999781581105997
1712999781684637672
1712999781780555069
1712999781880337336
1712999781982258271
1712999782078049324
1712999782179872395
1712999782280389296
1712999782377618639
1712999782481037255
1712999782578224138
1712999782683108074
1712999782779255519
1712999782885280467
1712999782987135230
1712999783079337835
1712999783178049435
1712999783278856646
1712999783378537089
1712999783478115255
1712999783579653744
1712999783683069663
1712999783783042311
1712999783881917114
1712999783980223261
1712999784077854189
1712999784178030238
1712999784287512849
1712999784380687600
1712999784482118019
1712999784577959761
1712999784679075914
1712999784778678228
1712999784881310407
1712999784980698690
1712999785086884320
1712999785178192448
1712999785280472834
1712999785378034502
1712999785477688820
1712999785579418614
1712999785683251756
1712999785778703999
1712999785879035260
1712999785978147249
1712999786077489058
1712999786177253296
1712999786278986635
1712999786383850338
1712999786481381924
1712999786580736181
1712999786678870551
1712999786779952361
1712999786878303882
1712999786980014166
1712999787078626133
1712999787183227798
1712999787279167589
1712999787377878785
1712999787479230740
1712999787582199700
1712999787678463994
1712999787778951692
1712999787879420639
1712999787980181517
1712999788077950350
1712999788180037634
1712999788278675966
1712999788381330013
1712999788481841244
1712999788581160481
1712999788677802090
1712999788778456929
1712999788878007203
1712999788978283130
1712999789078019576
1712999789183382735
1712999789282763659
1712999789381699146
1712999789478555034
1712999789577984005
1712999789679157653
1712999789784321994
1712999789883672368
1712999789978117432
1712999790080257355
1712999790180972302
1712999790280686899
1712999790378475234
1712999790477833337
1712999790582162056
1712999790679039028
1712999790779312898
1712999790880897792
1712999790981698359
1712999791080080775
1712999791179170803
1712999791279918107
1712999791379555728
1712999791481308388
1712999791581663804
1712999791683042062
1712999791783771833
1712999791880417549
1712999791981447642
1712999792082084309
1712999792179235758
1712999792277665069
1712999792377645748
1712999792479494215
1712999792578687672
1712999792680743730
1712999792782230677
1712999792879645287
1712999792980238932
1712999793080805100
1712999793178171344
1712999793280111051
1712999793379670063
1712999793482289727
1712999793580927262
1712999793679184124
1712999793781275351
1712999793880410283
1712999793977893043
1712999794080321293
1712999794178569132
1712999794277838916
1712999794380739748
1712999794482761606
1712999794579902292
1712999794680880874
1712999794781128366
1712999794884104829
1712999794985641421
1712999795082770986
1712999795185600862
1712999795281595606
1712999795379177478
1712999795482954871
1712999795581798169
1712999795678566572
1712999795778994381
1712999795879668429
1712999795983278569
1712999796080364670
1712999796178122327
1712999796278049027
1712999796381501751
1712999796483001268
1712999796579916772
1712999796677861337
1712999796782031329
1712999796878282826
1712999796980366188
1712999797078286993
1712999797184111661
1712999797280521549
1712999797378171691
1712999797481790214
1712999797579799620
1712999797677751512
1712999797778513502
1712999797878334944
1712999797978887819
1712999798077878211
1712999798177727824
1712999798284751468
1712999798381997118
1712999798485657712
1712999798578196906
1712999798681780994
1712999798784900664
1712999798881119688
1712999798978361375
1712999799078743677
1712999799181320093
1712999799279059645
1712999799382046036
1712999799481699878
1712999799582151714
1712999799683318454
1712999799781921438
1712999799878986668
1712999799978293080
1712999800077633254
1712999800181905182
1712999800286044929
1712999800379364209
1712999800478518766
1712999800578633017
1712999800680872330
1712999800777514917
1712999800881189308
1712999800979922236
1712999801083729508
1712999801182770452
1712999801278411937
1712999801378243746
1712999801480689064
1712999801578833509
1712999801679128495
1712999801778271245
1712999801879094539
1712999801983548123
1712999802078215233
1712999802180146815
1712999802280988774
1712999802378988501
1712999802480966755
1712999802580188860
1712999802682940397
1712999802779745055
1712999802878520010
1712999802978024673
1712999803078070871
1712999803180620238
1712999803285850749
1712999803379282649
1712999803478243808
1712999803578749712
1712999803680140394
1712999803779115824
1712999803882006929
1712999803978798289
1712999804078134960
1712999804182569915
1712999804284425175
1712999804380564062
1712999804483692694
1712999804580674875
1712999804687508382
1712999804786468398
1712999804879076044
1712999804978607007
1712999805078592055
1712999805178612575
1712999805287908813
1712999805378497372
1712999805477898351
1712999805577654827
1712999805679409053
1712999805778973566
1712999805880468634
1712999805982193680
1712999806078628425
1712999806177918309
1712999806284094830
1712999806380300111
1712999806479381906
1712999806578298121
1712999806687420614
1712999806780729461
1712999806880396999
1712999806979105474
1712999807079122038
1712999807178595704
1712999807280168911
1712999807383907061
1712999807483549425
1712999807580141603
1712999807679188918
1712999807778056261
1712999807882220321
1712999807980210174
1712999808080755656
1712999808180432326
1712999808280784812
1712999808379009370
1712999808481904651
1712999808578764285
1712999808681225404
1712999808783322640
1712999808879238247
1712999808977945965
1712999809078141620
1712999809177863292
1712999809279173232
1712999809384606567
1712999809478718272
1712999809577646401
1712999809678117155
1712999809778120574
1712999809878232440
1712999809978768987
1712999810081501819
1712999810181518286
1712999810279241088
1712999810378920137
1712999810480193865
1712999810583069355
1712999810678953366
1712999810779018049
1712999810878880174
1712999810979721217
1712999811082797822
1712999811179268319
1712999811280817264
1712999811378819002
1712999811481280235
1712999811579513012
1712999811679258656
1712999811777703513
1712999811878054955
1712999811978712780
1712999812078995686
1712999812179780403
1712999812280345287
1712999812381686628
1712999812483095890
1712999812583387401
1712999812679775866
1712999812779493468
1712999812881073888
1712999812978529986
1712999813078566957
1712999813185439318
1712999813278708975
1712999813379046357
1712999813479349790
1712999813577756120
1712999813678959858
1712999813778518367
1712999813877825444
1712999813979787805
1712999814079081197
1712999814177984148
1712999814281450856
1712999814379120141
1712999814479436842
1712999814582004222
1712999814677911673
1712999814777996551
1712999814881080211
1712999814977894703
1712999815078242958
1712999815179072671
1712999815278592248
1712999815377821438
1712999815480471279
1712999815579644219
1712999815679431533
1712999815782465480
1712999815878340875
1712999815983924154
1712999816084937259
1712999816184018215
1712999816282289951
1712999816379797684
1712999816477761261
1712999816579894427
1712999816680060503
1712999816778802296
1712999816880888824
1712999816978067655
1712999817078992913
1712999817178873503
1712999817277875612
1712999817379627845
1712999817477630989
1712999817579743868
1712999817681890402
1712999817778362240
1712999817879531081
1712999817978568336
1712999818081949901
1712999818180448052
1712999818278223022
1712999818378977894
1712999818479027873
1712999818578157588
1712999818680299621
1712999818778261633
1712999818877899258
1712999818981130130
1712999819081804599
1712999819178730290
1712999819279456544
1712999819380132057
1712999819477769967
1712999819582554897
1712999819677681245
1712999819778295812
1712999819881510004
1712999819986018916
1712999820077953741
1712999820178023694
1712999820278585265
1712999820379180984
1712999820477811441
1712999820578062605
1712999820678556426
1712999820780406008
1712999820879722108
1712999820983031984
1712999821080643318
1712999821182744853
1712999821282961493
1712999821379973656
1712999821482423691
1712999821579793757
1712999821682018877
1712999821779923675
1712999821879066649
1712999821985200412
1712999822081052268
1712999822183896393
1712999822279460740
1712999822383676479
1712999822479159021
1712999822578743577
1712999822679208347
1712999822781432700
1712999822879198779
1712999822979272414
1712999823078859064
1712999823180817213
1712999823279600592
1712999823382291634
1712999823478864961
1712999823579899333
1712999823677970646
1712999823782546771
1712999823882237234
1712999823979337748
1712999824080248642
1712999824182566327
1712999824278495517
1712999824384438114
1712999824477932227
1712999824580121248
1712999824678389603
1712999824782239833
1712999824882667505
1712999824983163118
1712999825082148379
1712999825181786132
1712999825278370901
1712999825378196639
1712999825479602404
1712999825578843937
1712999825679720492
1712999825779582308
1712999825878389292
1712999825978945938
1712999826082090563
1712999826179113332
1712999826278900774
1712999826386796608
1712999826486756804
1712999826581294253
1712999826678754607
1712999826778730272
1712999826878114274
1712999826979972435
1712999827086683541
1712999827181776543
1712999827281221777
1712999827384321944
1712999827477772672
1712999827579392264
1712999827678323680
1712999827780895764
1712999827878129302
1712999827982307068
1712999828077376862
1712999828177593133
1712999828277477299
1712999828377494727
1712999828477218631
