1740723849579559971
1740723849679608817
1740723849779504177
1740723849882028975
1740723849984449778
1740723850285272961
1740723850382235860
1740723850476887000
1740723850576364213
1740723850675029457
1740723850772826576
1740723850873213243
1740723850973905160
1740723851073221473
1740723851176059706
1740723851276586976
1740723851372493605
1740723851473618053
1740723851572659876
1740723851673916441
1740723851776960220
1740723851873589249
1740723851971840085
1740723852080695095
1740723852173133526
1740723852272324118
1740723852379881816
1740723852475963016
1740723852572724550
1740723852675916724
1740723852775671377
1740723852875898053
1740723852976863553
1740723853072771419
1740723853172564576
1740723853272889822
1740723853372481387
1740723853477385711
1740723853572514001
1740723853672647534
1740723853772535089
1740723853872870599
1740723853972589053
1740723854078054285
1740723854172324958
1740723854272593405
1740723854372645289
1740723854472765173
1740723854573362610
1740723854672780430
1740723854772522892
1740723854877814096
1740723854977191890
1740723855072723366
1740723855172709793
1740723855277607177
1740723855377986609
1740723855477627352
1740723855577777666
1740723855672506712
1740723855776014005
1740723855876688197
1740723855972681893
1740723856072891948
1740723856173905485
1740723856275431752
1740723856372733516
1740723856472628850
1740723856576676733
1740723856676619647
1740723856774985484
1740723856875785921
1740723856976136302
1740723857073752522
1740723857177781753
1740723857283597467
1740723857377339275
1740723857475187053
1740723857574284556
1740723857676219897
1740723857774469718
1740723857874768147
1740723857976119526
1740723858075001874
1740723858174509053
1740723858280268670
1740723858375301796
1740723858475809577
1740723858578779757
1740723858681265312
1740723858775326695
1740723858875849712
1740723858975107078
1740723859075160087
1740723859179425717
1740723859277295711
1740723859374803816
1740723859474900530
1740723859575650626
1740723859676307176
1740723859775029779
1740723859876384622
1740723859976626513
1740723860078162925
1740723860176618756
1740723860278317278
1740723860379208853
1740723860482976691
1740723860581053280
1740723860679390396
1740723860774514209
1740723860875144601
1740723860978118739
1740723861075662557
1740723861179177040
1740723861279124838
1740723861376953578
1740723861476477563
1740723861575256485
1740723861681009550
1740723861774333383
1740723861878001794
1740723861976211123
1740723862075824785
1740723862174817708
1740723862275358711
1740723862377719534
1740723862475151307
1740723862575993622
1740723862676921444
1740723862777180496
1740723862877931550
1740723862976170501
1740723863074512013
1740723863175815769
1740723863275071592
1740723863374314657
1740723863474237631
1740723863574374391
1740723863674638333
1740723863774156683
1740723863874689564
1740723863975914718
1740723864076613575
1740723864174543714
1740723864277881922
1740723864374493216
1740723864474415678
1740723864582468436
1740723864678926836
1740723864778995797
1740723864875245552
1740723864976883291
1740723865074509967
1740723865174863957
1740723865280317894
1740723865376984195
1740723865474377154
1740723865574586424
1740723865674307762
1740723865774131272
1740723865875212182
1740723865974364997
1740723866078251697
1740723866177244701
1740723866274952087
1740723866376242782
1740723866478947499
1740723866575168740
1740723866674340328
1740723866775858231
1740723866874697205
1740723866975228776
1740723867074267641
1740723867176624883
1740723867275103350
1740723867374567653
1740723867474435530
1740723867579496536
1740723867680083149
1740723867780694346
1740723867875446377
1740723867974320754
1740723868075178854
1740723868174303395
1740723868275277438
1740723868374681980
1740723868474518393
1740723868574103605
1740723868674719909
1740723868774567803
1740723868874421693
1740723868975579173
1740723869074269147
1740723869174393175
1740723869274995826
1740723869379261916
1740723869478118139
1740723869578048780
1740723869677701964
1740723869782477639
1740723869874706427
1740723869974880235
1740723870075639048
1740723870174444185
1740723870274339275
1740723870378354934
1740723870474337216
1740723870578062515
1740723870674421483
1740723870774639075
1740723870874677077
1740723870979358946
1740723871076977734
1740723871176760198
1740723871275484166
1740723871375514544
1740723871474614357
1740723871580637705
1740723871674464377
1740723871777919514
1740723871876237139
1740723871977616562
1740723872077004746
1740723872177981675
1740723872274101756
1740723872377489325
1740723872473954409
1740723872575593516
1740723872675435806
1740723872778729784
1740723872878349656
1740723872974210870
1740723873074285868
1740723873174807952
1740723873274530684
1740723873374822757
1740723873478565228
1740723873578515511
1740723873676403318
1740723873780602869
1740723873878867791
1740723873975641056
1740723874075522116
1740723874174790567
1740723874276900393
1740723874378464188
1740723874475437092
1740723874576422413
1740723874675257019
1740723874775225877
1740723874878340067
1740723874974242361
1740723875078668406
1740723875182283912
1740723875274466179
1740723875374798957
1740723875480819438
1740723875579537995
1740723875680558880
1740723875778081318
1740723875875069855
1740723875977134343
1740723876076088049
1740723876174808801
1740723876279176373
1740723876374186368
1740723876475614979
1740723876574398064
1740723876674325424
1740723876776189244
1740723876874571782
1740723876974487067
1740723877075061797
1740723877178840699
1740723877274802252
1740723877375422769
1740723877475306898
1740723877574598351
1740723877676031040
1740723877775642708
1740723877875195337
1740723877978463981
1740723878074425291
1740723878174183289
1740723878274599212
1740723878382269160
1740723878477764132
1740723878576183739
1740723878676588514
1740723878775037600
1740723878876150048
1740723878974653034
1740723879074642517
1740723879174531485
1740723879275630547
1740723879374780855
1740723879478354184
1740723879575963300
1740723879674999196
1740723879776891838
1740723879875723294
1740723879974268576
1740723880079582124
1740723880183692802
1740723880279576137
1740723880378763155
1740723880478155196
1740723880577796931
1740723880677755005
1740723880775486623
1740723880875109841
1740723880975697908
1740723881075919098
1740723881175338587
1740723881274690524
1740723881375690490
1740723881474400529
1740723881574335058
1740723881679401064
1740723881777681783
1740723881877162254
1740723881974231895
1740723882074696076
1740723882177849587
1740723882275497983
1740723882375065781
1740723882474567192
1740723882575360905
1740723882674513028
1740723882777691948
1740723882878225962
1740723882976005279
1740723883075495429
1740723883174369051
1740723883279549590
1740723883378154876
1740723883475234711
1740723883580056465
1740723883675184049
1740723883774421545
1740723883874389662
1740723883979887314
1740723884075845251
1740723884177800186
1740723884275759818
1740723884375554544
1740723884479999587
1740723884578652409
1740723884674998614
1740723884774764600
1740723884874621580
1740723884974750793
1740723885075341796
1740723885174462872
1740723885282344581
1740723885379167941
1740723885479678334
1740723885576551142
1740723885679691558
1740723885781364042
1740723885879594102
1740723885975335140
1740723886075955271
1740723886177468799
1740723886279857985
1740723886374466220
1740723886476862809
1740723886579315017
1740723886677217148
1740723886774748697
1740723886874716377
1740723886974977278
1740723887080081290
1740723887174107926
1740723887278018689
1740723887375242511
1740723887474949984
1740723887574714553
1740723887675369790
1740723887776684025
1740723887881517464
1740723887978431970
1740723888077250275
1740723888175048810
1740723888278320269
1740723888374947964
1740723888474955735
1740723888578113663
1740723888675574127
1740723888778347998
1740723888879149028
1740723888978465513
1740723889081979461
1740723889174703758
1740723889275129645
1740723889377584413
1740723889478883095
1740723889582698773
1740723889679682983
1740723889778460036
1740723889875189276
1740723889977603283
1740723890075557469
1740723890175153061
1740723890274555398
1740723890374426808
1740723890474413102
1740723890574692046
1740723890679841093
1740723890778708188
1740723890878090680
1740723890974908020
1740723891075456184
1740723891174807263
1740723891274986233
1740723891375050298
1740723891475240150
1740723891574760103
1740723891675215856
1740723891775679913
1740723891874757186
1740723891974158700
1740723892074961586
1740723892176095471
1740723892277169117
1740723892375300678
1740723892477219389
1740723892578520153
1740723892678413341
1740723892774454579
1740723892875579604
1740723892975663877
1740723893075749608
1740723893175520256
1740723893278121383
1740723893379531156
1740723893478406412
1740723893577043838
1740723893676387022
1740723893775397450
1740723893874448767
1740723893974386984
1740723894075096816
1740723894176351382
1740723894274308382
1740723894374208303
1740723894475140813
1740723894574995609
1740723894675713008
1740723894775167802
1740723894876636705
1740723894977610765
1740723895081593093
1740723895181398854
1740723895274537261
1740723895376343102
1740723895474401732
1740723895574380335
1740723895677439329
1740723895776130811
1740723895875824249
1740723895974319454
1740723896074211881
1740723896174527818
1740723896274668801
1740723896380184589
1740723896475335183
1740723896574506969
1740723896686187431
1740723896775016521
1740723896875412292
1740723896974235786
1740723897074295468
1740723897175563464
1740723897275195478
1740723897374575330
1740723897477581326
1740723897574547412
1740723897674238818
1740723897779905995
1740723897874899016
1740723897977537588
1740723898074683456
1740723898174448167
1740723898275727278
1740723898376344128
1740723898474430881
1740723898575097053
1740723898674790178
1740723898778962194
1740723898876073265
1740723898974394066
1740723899078160088
1740723899178069758
1740723899281046323
1740723899378286434
1740723899479457683
1740723899574693824
1740723899675979035
1740723899775281342
1740723899875105668
1740723899974898566
1740723900075523951
1740723900179462033
1740723900280541674
1740723900375531823
1740723900476722647
1740723900577444053
1740723900676016502
1740723900775386416
1740723900874325552
1740723900976220548
1740723901075006463
1740723901175407346
1740723901274814380
1740723901375110908
1740723901475769765
1740723901575340442
1740723901676414416
1740723901775988228
1740723901875556987
1740723901974553598
1740723902075401501
1740723902178406160
1740723902275682909
1740723902375566279
1740723902475746315
1740723902574320570
1740723902674739856
1740723902778351632
1740723902876371125
1740723902974380601
1740723903075272123
1740723903174464435
1740723903274927191
1740723903375031782
1740723903474346583
1740723903578302608
1740723903679085306
1740723903775162803
1740723903880273481
1740723903975509728
1740723904076599300
1740723904174244525
1740723904274104938
1740723904374314883
1740723904474174718
1740723904574340065
1740723904677358309
1740723904777598372
1740723904880995461
1740723904974690706
1740723905075144612
1740723905176384725
1740723905274501374
1740723905377826377
1740723905481440331
1740723905581593352
1740723905675226881
1740723905778263520
1740723905874170649
1740723905981277751
1740723906077088375
1740723906174555713
1740723906278537946
1740723906375696417
1740723906475315088
1740723906575513472
1740723906674375778
1740723906775840141
1740723906874282011
1740723906974558522
1740723907077700967
1740723907174915922
1740723907278453395
1740723907379010506
1740723907476639337
1740723907575529306
1740723907675301991
1740723907775543591
1740723907875450564
1740723907975111358
1740723908076220546
1740723908178326404
1740723908279774848
1740723908381028220
1740723908477387762
1740723908575915666
1740723908674707327
1740723908780911253
1740723908875850167
1740723908975044982
1740723909076607416
1740723909176048297
1740723909274202524
1740723909375401021
1740723909476338650
1740723909578492637
1740723909679045585
1740723909774321487
1740723909875205955
1740723909974915659
1740723910075562552
1740723910175288581
1740723910276292316
1740723910374611142
1740723910474346028
1740723910576279826
1740723910675977079
1740723910778379531
1740723910877721430
1740723910976206606
1740723911074926421
1740723911174643471
1740723911274916364
1740723911375888339
1740723911476378955
1740723911578311688
1740723911681152319
1740723911777274783
1740723911874348573
1740723911974557176
1740723912074430224
1740723912177291097
1740723912274424049
1740723912374400285
1740723912474417561
1740723912576147982
1740723912674539405
1740723912783815223
1740723912876210011
1740723912974580848
1740723913074865897
1740723913175446323
1740723913276982606
1740723913374528655
1740723913474333812
1740723913577119109
1740723913678608868
1740723913778904521
1740723913880806262
1740723913974606099
1740723914078539401
1740723914175314590
1740723914278995408
1740723914374496623
1740723914478652451
1740723914575541870
1740723914676226775
1740723914775066112
1740723914874891485
1740723914978792938
1740723915076080274
1740723915175819459
1740723915274492840
1740723915374948671
1740723915474424142
1740723915579407257
1740723915680203660
1740723915774680184
1740723915875047097
1740723915975395406
1740723916074741899
1740723916174989711
1740723916275795944
1740723916379220749
1740723916474720211
1740723916574728995
1740723916675496048
1740723916774169309
1740723916878852089
1740723916975817015
1740723917074595077
1740723917177335911
1740723917278517486
1740723917378445474
1740723917475831869
1740723917578359982
1740723917676183461
1740723917775575228
1740723917874839882
1740723917974601278
1740723918075682300
1740723918174431993
1740723918276165180
1740723918375548750
1740723918475673767
1740723918574531037
1740723918674823718
1740723918775363694
1740723918876821549
1740723918974348157
1740723919078586514
1740723919174449702
1740723919275140478
1740723919374251053
1740723919478122661
1740723919578302171
1740723919675306505
1740723919774189970
1740723919877119410
1740723919979195839
1740723920074906347
1740723920176142861
1740723920277329027
1740723920374793220
1740723920476131059
1740723920575796975
1740723920675967651
1740723920775785569
1740723920880689574
1740723920975454203
1740723921077096463
1740723921175371433
1740723921274300144
1740723921375492421
1740723921474476752
1740723921575495613
1740723921674784040
1740723921778655097
1740723921876984520
1740723921979505877
1740723922075788356
1740723922175388953
1740723922275868914
1740723922374353131
1740723922475360441
1740723922575531344
1740723922674864426
1740723922774420372
1740723922884163016
1740723922978061379
1740723923075003068
1740723923177108088
1740723923274471910
1740723923376231151
1740723923481997879
1740723923577851268
1740723923677610818
1740723923774920951
1740723923876842211
1740723923974233608
1740723924074486429
1740723924174397089
1740723924274758661
1740723924374355799
1740723924474107357
1740723924575075231
1740723924675148152
1740723924779015263
1740723924874842038
1740723924974644260
1740723925075806895
1740723925174693162
1740723925276396237
1740723925377960465
1740723925478405054
1740723925579274890
1740723925674958788
1740723925775762059
1740723925874497133
1740723925974363076
1740723926074546940
1740723926175384129
1740723926276268373
1740723926378405692
1740723926479666691
1740723926574907014
1740723926675753850
1740723926774331226
1740723926876112585
1740723926974521413
1740723927077263055
1740723927181720729
1740723927282206282
1740723927377179152
1740723927475407779
1740723927576294068
1740723927674939475
1740723927774204130
1740723927878281833
1740723927974748049
1740723928075393288
1740723928174594661
1740723928277129084
1740723928374188147
1740723928477550578
1740723928582257795
1740723928675132449
1740723928774686941
1740723928878160645
1740723928979187831
1740723929076290967
1740723929175784043
1740723929274681801
1740723929375675523
1740723929475975641
1740723929574572360
1740723929675356132
1740723929774615114
1740723929876211204
1740723929975570060
1740723930074599934
1740723930175123840
1740723930275180235
1740723930377997317
1740723930477016751
1740723930575337792
1740723930675517149
1740723930778793174
1740723930874730748
1740723930977525377
1740723931078220583
1740723931181357345
1740723931281605516
1740723931377665891
1740723931475238883
1740723931578387863
1740723931678243926
1740723931776109207
1740723931874448490
1740723931981565965
1740723932076793216
1740723932175378173
1740723932275219378
1740723932374920940
1740723932480341306
1740723932579328692
1740723932675850098
1740723932777768172
1740723932876891870
1740723932974848953
1740723933080269624
1740723933178394726
1740723933275682757
1740723933374533823
1740723933475817891
1740723933580553738
1740723933675798590
1740723933778143048
1740723933875617682
1740723933974419789
1740723934075823584
1740723934174761089
1740723934277108683
1740723934375588597
1740723934476453281
1740723934575473514
1740723934675239444
1740723934780125307
1740723934874643738
1740723934974246761
1740723935078341543
1740723935178289994
1740723935278712934
1740723935376474978
1740723935475026466
1740723935575839154
1740723935680545366
1740723935775531462
1740723935875764241
1740723935975629730
1740723936075764462
1740723936179719595
1740723936279215465
1740723936375922296
1740723936474359015
1740723936574608403
1740723936674533327
1740723936774933360
1740723936874706896
1740723936974641897
1740723937077320663
1740723937174358664
1740723937277824857
1740723937376676606
1740723937476555733
1740723937576627810
1740723937678358570
1740723937774469262
1740723937874268261
1740723937974874130
1740723938076368219
1740723938174804744
1740723938275938035
1740723938375856166
1740723938474706568
1740723938578132860
1740723938677921763
1740723938777511073
1740723938875661075
1740723938978698016
1740723939076050597
1740723939174370088
1740723939278886454
1740723939375006006
1740723939474441745
1740723939575957753
1740723939674336376
1740723939775768479
1740723939875202966
1740723939977951485
1740723940074659861
1740723940174229254
1740723940275131247
1740723940379985449
1740723940481184995
1740723940579624851
1740723940677922840
1740723940775483133
1740723940874604900
1740723940975944585
1740723941077650409
1740723941175448583
1740723941274862641
1740723941380440719
1740723941481526791
1740723941578090994
1740723941675925508
1740723941775233731
1740723941874355104
1740723941974319712
1740723942074468735
1740723942174730115
1740723942274707933
1740723942376329213
1740723942475537718
1740723942574258419
1740723942675197499
1740723942774282937
1740723942875531626
1740723942975280657
1740723943085550974
1740723943181058842
1740723943277910501
1740723943377750093
1740723943480816732
1740723943578760884
1740723943675704196
1740723943776155546
1740723943877920082
1740723943983781936
1740723944075468767
1740723944175468501
1740723944274979691
1740723944374928435
1740723944477932973
1740723944574393810
1740723944674440842
1740723944775365509
1740723944874639782
1740723944974697329
1740723945074676416
1740723945181868443
1740723945278375340
1740723945376669017
1740723945479278841
1740723945575628246
1740723945675823989
1740723945775078299
1740723945875036609
1740723945979453036
1740723946076735325
1740723946180602866
1740723946275929027
1740723946374597566
1740723946475824446
1740723946575696073
1740723946674663295
1740723946777004654
1740723946880322939
1740723946974166061
1740723947077068949
1740723947174735780
1740723947281795326
1740723947375186123
1740723947478662814
1740723947578796139
1740723947675399508
1740723947774355991
1740723947875723044
1740723947975078598
1740723948076487623
1740723948176755810
1740723948274869874
1740723948374636223
1740723948479545264
1740723948574629143
1740723948678732646
1740723948777419855
1740723948875585104
1740723948974750669
1740723949081401794
1740723949179163486
1740723949274708049
1740723949374558896
1740723949478349655
1740723949574928984
1740723949674801672
1740723949775181606
1740723949878548571
1740723949975382176
1740723950075382647
1740723950180015330
1740723950277637001
1740723950376932821
1740723950475242574
1740723950580145949
1740723950680095538
1740723950779318881
1740723950874758056
1740723950979830472
1740723951080287020
1740723951178656425
1740723951275870570
1740723951374149528
1740723951475686717
1740723951577043491
1740723951675580029
1740723951777117344
1740723951874429231
1740723951975302240
1740723952079026934
1740723952180442782
1740723952275680287
1740723952374596748
1740723952474514325
1740723952574756644
1740723952676066360
1740723952774506669
1740723952876319974
1740723952977741221
1740723953077777570
1740723953174272427
1740723953281781820
1740723953375213610
1740723953474381480
1740723953576849322
1740723953676275387
1740723953774068298
1740723953876137570
1740723953975106468
1740723954074348051
1740723954174834334
1740723954277247194
1740723954374831363
1740723954476522776
1740723954575463377
1740723954676848824
1740723954775021519
1740723954874570570
1740723954974529002
1740723955074430739
1740723955175138583
1740723955275597057
1740723955374264159
1740723955477415644
1740723955575212309
1740723955677854347
1740723955774135484
1740723955874703074
1740723955975350537
1740723956084029854
1740723956176254363
1740723956278149183
1740723956374822690
1740723956475587900
1740723956574843865
1740723956674839535
1740723956775307490
1740723956874142737
1740723956975280005
1740723957077818102
1740723957177349199
1740723957277029042
1740723957378262652
1740723957476157526
1740723957574755699
1740723957680371359
1740723957775959275
1740723957875337338
1740723957974564957
1740723958074629699
1740723958175011395
1740723958275661946
1740723958378365006
1740723958476947721
1740723958576293722
1740723958674566554
1740723958774085812
1740723958877805727
1740723958977268186
1740723959079671686
1740723959174497087
1740723959279992130
1740723959383117090
1740723959475557784
1740723959574293669
1740723959674670721
1740723959776277207
1740723959878407092
1740723959976109912
1740723960078790994
1740723960177078537
1740723960276966569
1740723960375233685
1740723960474195456
1740723960574692547
1740723960677142199
1740723960780007992
1740723960874951749
1740723960977939770
1740723961077244291
1740723961176341482
1740723961276105115
1740723961378619138
1740723961481525940
1740723961578323504
1740723961676286798
1740723961774927023
1740723961878280401
1740723961979608193
1740723962075654631
1740723962175073035
1740723962275160777
1740723962377444931
1740723962474453364
1740723962575307352
1740723962675526090
1740723962779682034
1740723962880011628
1740723962974346569
1740723963079736887
1740723963175926403
1740723963278596623
1740723963375487624
1740723963482339719
1740723963576528472
1740723963675765616
1740723963774413065
1740723963876041960
1740723963979832756
1740723964074637489
1740723964174847076
1740723964274344323
1740723964374782194
1740723964475526684
1740723964577985167
1740723964681399227
1740723964775474674
1740723964875609373
1740723964976058156
1740723965075842043
1740723965174879552
1740723965274356421
1740723965376980689
1740723965475440598
1740723965574799632
1740723965678238176
1740723965775560941
1740723965881532002
1740723965974827810
1740723966075249497
1740723966180819392
1740723966275424934
1740723966375651238
1740723966474760019
1740723966574730056
1740723966677273190
1740723966774411342
1740723966874254748
1740723966977680270
1740723967076593143
1740723967175086918
1740723967275575922
1740723967376366493
1740723967476010473
1740723967574532796
1740723967678995673
1740723967774870895
1740723967875019774
1740723967976281955
1740723968077624256
1740723968175176887
1740723968274678444
1740723968375664373
1740723968476178116
1740723968576937584
1740723968676001888
1740723968774575598
1740723968876894553
1740723968976531121
1740723969075152033
1740723969175051422
1740723969275318766
1740723969376126573
1740723969476062971
1740723969575739260
1740723969680875539
1740723969781241044
1740723969875414484
1740723969974752195
1740723970074653601
1740723970176650972
1740723970275738494
1740723970375849005
1740723970479128630
1740723970578428443
1740723970678565128
1740723970775965249
1740723970874456783
1740723970977079906
1740723971074785372
1740723971175084934
1740723971274480388
1740723971377954314
1740723971475052775
1740723971576138730
1740723971675955516
1740723971774957286
1740723971875009175
1740723971975295935
1740723972077364000
1740723972177556459
1740723972278687044
1740723972376594366
1740723972478344083
1740723972579821324
1740723972676100894
1740723972776682470
1740723972874234402
1740723972976305742
1740723973074873387
1740723973177336310
1740723973278268033
1740723973378275938
1740723973475878178
1740723973578795889
1740723973678397593
1740723973775674877
1740723973874268047
1740723973978352592
1740723974076286083
1740723974174951147
1740723974274475074
1740723974375541319
1740723974475185149
1740723974577662954
1740723974674592324
1740723974779145565
1740723974874945982
1740723974981323269
1740723975078844448
1740723975175336736
1740723975278259865
1740723975375840552
1740723975478650399
1740723975574349896
1740723975674650102
1740723975776573103
1740723975875051677
1740723975975398720
1740723976074312069
1740723976174180089
1740723976275663238
1740723976383686238
1740723976476170112
1740723976576797333
1740723976674450429
1740723976775652983
1740723976880273915
1740723976977371720
1740723977080170298
1740723977175487662
1740723977277691260
1740723977374775631
1740723977474619260
1740723977576095575
1740723977677810134
1740723977774624673
1740723977875100201
1740723977975256189
1740723978077591166
1740723978179212790
1740723978276909624
1740723978374565992
1740723978475376701
1740723978574476337
1740723978675819510
1740723978774628313
1740723978874850917
1740723978975256906
1740723979074900742
1740723979174285388
1740723979277601554
1740723979374659475
1740723979476326122
1740723979576729733
1740723979676362538
1740723979778557461
1740723979875223217
1740723979974365255
1740723980074491809
1740723980178567468
1740723980275551579
1740723980374232045
1740723980475732801
1740723980574676450
1740723980674409870
1740723980779189017
1740723980874393606
1740723980978449687
1740723981075109114
1740723981178325908
1740723981275233243
1740723981377826923
1740723981477571495
1740723981577840548
1740723981676089318
1740723981775449843
1740723981875554619
1740723981977026305
1740723982074498166
1740723982174386586
1740723982274933611
1740723982377500694
1740723982474300535
1740723982574643603
1740723982677284547
1740723982775934712
1740723982877400753
1740723982976885835
1740723983075892122
1740723983174468948
1740723983276186134
1740723983379156077
1740723983475657443
1740723983576123652
1740723983675651754
1740723983775134061
1740723983874408475
1740723983975426909
1740723984076890754
1740723984174363634
1740723984277857767
1740723984376600382
1740723984480251967
1740723984575413530
1740723984677373075
1740723984774254599
1740723984877621467
1740723984974451013
1740723985075446989
1740723985181428006
1740723985274581107
1740723985374661246
1740723985486103216
1740723985575546883
1740723985677294412
1740723985774269011
1740723985875458612
1740723985975376566
1740723986074640893
1740723986174264095
1740723986276947294
1740723986375071077
1740723986475713792
1740723986578418560
1740723986675114191
1740723986776934770
1740723986877767560
1740723986976025088
1740723987076817529
1740723987174354718
1740723987277043168
1740723987374649920
1740723987476100240
1740723987574772473
1740723987674715498
1740723987775400469
1740723987879126061
1740723987975432974
1740723988074424738
1740723988174382461
1740723988275919310
1740723988374617485
1740723988481772159
1740723988578501752
1740723988680713487
1740723988780161228
1740723988877948105
1740723988974664581
1740723989078831157
1740723989174643735
1740723989276067790
1740723989375314228
1740723989479770041
1740723989576498130
1740723989679412439
1740723989779688937
1740723989878207968
1740723989978619846
1740723990076138405
1740723990174632671
1740723990276490916
1740723990375362726
1740723990474782312
1740723990575032361
1740723990676745638
1740723990779949495
1740723990876502293
1740723990974569257
1740723991074712401
1740723991174682771
1740723991278501445
1740723991375830528
1740723991475808889
1740723991575125182
1740723991675393823
1740723991776048073
1740723991879238313
1740723991974219094
1740723992074787735
1740723992175678111
1740723992276990105
1740723992377693255
1740723992477518023
1740723992575184145
1740723992674859686
1740723992774439835
1740723992879417720
1740723992979956921
1740723993076222596
1740723993175192737
1740723993275427596
1740723993374296451
1740723993474403191
1740723993574377955
1740723993676629575
1740723993774496535
1740723993876563866
1740723993974413725
1740723994074345070
1740723994174525149
1740723994276501967
1740723994375251898
1740723994478271540
1740723994576070582
1740723994678523919
1740723994779146182
1740723994875268488
1740723994974625265
1740723995075542857
1740723995174678771
1740723995276258138
1740723995375162629
1740723995477466484
1740723995576385037
1740723995678219846
1740723995774316621
1740723995878187683
1740723995974310942
1740723996079272697
1740723996174430294
1740723996275756321
1740723996374728941
1740723996475128423
1740723996577481711
1740723996675741519
1740723996780407181
1740723996878765895
1740723996975345003
1740723997078507261
1740723997175346534
1740723997275188121
1740723997377528539
1740723997479188425
1740723997574392567
1740723997677756805
1740723997778384588
1740723997874867654
1740723997975137488
1740723998074568105
1740723998174423451
1740723998274536852
1740723998379140909
1740723998474679868
1740723998574956317
1740723998674659417
1740723998776525508
1740723998876973223
1740723998974693751
1740723999077931835
1740723999175405652
1740723999280718648
1740723999374798458
1740723999478880441
1740723999580584945
1740723999674569834
1740723999774544965
1740723999875223504
1740723999974102900
1740724000077499409
1740724000174797311
1740724000275214869
1740724000374644652
1740724000474413097
1740724000584078468
1740724000676259446
1740724000778332267
1740724000875993489
1740724000974283948
1740724001074415608
1740724001174990430
1740724001274936254
1740724001374228361
1740724001474196885
1740724001576528174
1740724001676741992
1740724001778494248
1740724001875524073
1740724001975267530
1740724002075686441
1740724002176072674
1740724002275190942
1740724002378078752
1740724002482883639
1740724002586480133
1740724002678709772
1740724002782065303
1740724002876781573
1740724002974711002
1740724003075609537
1740724003175043551
1740724003275429074
1740724003374409007
1740724003477534581
1740724003575633422
1740724003675031437
1740724003778892394
1740724003877933759
1740724003978274367
1740724004077417927
1740724004176519079
1740724004275650856
1740724004374884108
1740724004477329374
1740724004578496820
1740724004677579148
1740724004776322919
1740724004878383895
1740724004975659692
1740724005076241774
1740724005176407903
1740724005274760979
1740724005374400206
1740724005474678980
1740724005574414073
1740724005675147087
1740724005776652468
1740724005875424132
1740724005978286512
1740724006082917848
1740724006175375352
1740724006276025687
1740724006378429291
1740724006478763922
1740724006578267920
1740724006676290712
1740724006778571081
1740724006875354682
1740724006976283682
1740724007074518083
1740724007174382388
1740724007276487202
1740724007375170105
1740724007474154560
1740724007574480256
1740724007677567709
1740724007777695700
1740724007875138074
1740724007977173297
1740724008078575443
1740724008176335225
1740724008274415051
1740724008376397482
1740724008476723951
1740724008576054525
1740724008677943955
1740724008774861117
1740724008875262154
1740724008979081974
1740724009076500972
1740724009178631924
1740724009279506887
1740724009375217979
1740724009477862271
1740724009574962031
1740724009675794919
1740724009774152441
1740724009875081637
1740724009978655433
1740724010077510228
1740724010174643146
1740724010279090692
1740724010375212215
1740724010477642415
1740724010575429790
1740724010680932091
1740724010775974722
1740724010875573522
1740724010975883893
1740724011075044421
1740724011176058544
1740724011274229983
1740724011374482008
1740724011479241736
1740724011575285420
1740724011674405822
1740724011776101168
1740724011877444774
1740724011974308741
1740724012074465429
1740724012178162120
1740724012274205661
1740724012375264238
1740724012475292737
1740724012577798654
1740724012677337863
1740724012776907122
1740724012875643260
1740724012975787960
1740724013075103385
1740724013178095497
1740724013278730379
1740724013379539293
1740724013475614614
1740724013577786298
1740724013676320150
1740724013775487803
1740724013876014211
1740724013974630102
1740724014075704319
1740724014179655262
1740724014279675292
1740724014374320292
1740724014477049413
1740724014576253305
1740724014678132827
1740724014781322866
1740724014876132529
1740724014974678485
1740724015077251204
1740724015174450638
1740724015274863782
1740724015375427998
1740724015474798922
1740724015575629416
1740724015677240424
1740724015777224041
1740724015877022144
1740724015975909362
1740724016075705003
1740724016175058492
1740724016275420665
1740724016378761305
1740724016476075236
1740724016574480126
1740724016674250704
1740724016778402886
1740724016877325215
1740724016974492191
1740724017078709039
1740724017176558211
1740724017276721154
1740724017375499529
1740724017477434333
1740724017576801245
1740724017675352391
1740724017779997016
1740724017875401894
1740724017975707521
1740724018076827000
1740724018174386367
1740724018274593523
1740724018374334590
1740724018474284073
1740724018576450612
1740724018674759357
1740724018777070906
1740724018877776389
1740724018974509093
1740724019074759371
1740724019174941274
1740724019274536775
1740724019375569547
1740724019477082660
1740724019576837145
1740724019674595476
1740724019776544800
1740724019876038078
1740724019981480435
1740724020075184580
1740724020176404704
1740724020275945944
1740724020379462358
1740724020481649616
1740724020578854536
1740724020675375645
1740724020774300336
1740724020875542040
1740724020974719238
1740724021075545971
1740724021175239412
1740724021275720031
1740724021375402038
1740724021474583620
1740724021574565446
1740724021674558602
1740724021774468815
1740724021880302930
1740724021983256255
1740724022075108637
1740724022178419793
1740724022275248357
1740724022381756810
1740724022478181548
1740724022576908430
1740724022677554630
1740724022776079775
1740724022878928130
1740724022974467533
1740724023075634831
1740724023175154745
1740724023274902130
1740724023374916545
1740724023474857113
1740724023575285455
1740724023675512094
1740724023774508421
1740724023876198188
1740724023974876684
1740724024074556398
1740724024174313994
1740724024274250035
1740724024374869330
1740724024475165187
1740724024579871026
1740724024678641204
1740724024776107125
1740724024876442131
1740724024978779505
1740724025078161103
1740724025176124997
1740724025276058499
1740724025374385956
1740724025474433826
1740724025575042314
1740724025674898770
1740724025775745943
1740724025882332704
1740724025975647735
1740724026077382652
1740724026174840673
1740724026274783637
1740724026374427347
1740724026480137366
1740724026577354006
1740724026674562979
1740724026778020827
1740724026882559898
1740724026974644953
1740724027075252245
1740724027174069708
1740724027280699587
1740724027378135284
1740724027476763229
1740724027575268732
1740724027677134760
1740724027775192557
1740724027875107268
1740724027975706686
1740724028074569524
1740724028176755796
1740724028275636644
1740724028374431810
1740724028477515697
1740724028574426889
1740724028676763692
1740724028775252111
1740724028874154704
1740724028975966818
1740724029077244575
1740724029175271035
1740724029274770616
1740724029376033366
1740724029474708444
1740724029575843474
1740724029676941975
1740724029775651520
1740724029879679048
1740724029974810813
1740724030076690245
1740724030176832117
1740724030277967061
1740724030375161326
1740724030474643990
1740724030574446286
1740724030679173801
1740724030781567934
1740724030877383639
1740724030979064254
1740724031076672425
1740724031175005290
1740724031274489229
1740724031375485379
1740724031474507656
1740724031574322368
1740724031674784359
1740724031774376062
1740724031875448345
1740724031981817742
1740724032075223834
1740724032174388961
1740724032274221308
1740724032375251953
1740724032479258470
1740724032575194831
1740724032676707919
1740724032775181151
1740724032874544477
1740724032976849790
1740724033078887649
1740724033176131970
1740724033281916012
1740724033378564638
1740724033475145174
1740724033579648065
1740724033677508898
1740724033775079092
1740724033874376680
1740724033974473388
1740724034077624827
1740724034174234576
1740724034279994113
1740724034378096486
1740724034474509227
1740724034574601950
1740724034679332874
1740724034777698406
1740724034880370567
1740724034980046275
1740724035075906151
1740724035175579395
1740724035275210435
1740724035375298603
1740724035475438487
1740724035577889336
1740724035675338285
1740724035774221672
1740724035875149169
1740724035976379345
1740724036074931930
1740724036174283825
1740724036274870548
1740724036375942254
1740724036474303483
1740724036577799201
1740724036675308068
1740724036774365209
1740724036879279308
1740724036975086918
1740724037076044006
1740724037174337499
1740724037275387835
1740724037374577474
1740724037474170531
1740724037576598506
1740724037680965516
1740724037779108906
1740724037874989958
1740724037976147142
1740724038075414023
1740724038174507148
1740724038277063428
1740724038374554373
1740724038475493105
1740724038575376345
1740724038674491949
1740724038775735245
1740724038876337613
1740724038980963580
1740724039076203708
1740724039175580426
1740724039278909602
1740724039375398207
1740724039474421205
1740724039576603521
1740724039675894275
1740724039775433756
1740724039874470349
1740724039975693244
1740724040078155823
1740724040180760844
1740724040274230903
1740724040377562072
1740724040475770379
1740724040575361663
1740724040675564997
1740724040774166739
1740724040874288440
1740724040976251749
1740724041078981319
1740724041175430566
1740724041274838926
1740724041374432311
1740724041474651372
1740724041578384655
1740724041675250827
1740724041775587277
1740724041879801221
1740724041980921626
1740724042079472792
1740724042179750418
1740724042276711175
1740724042374531809
1740724042475314002
1740724042574683922
1740724042679232892
1740724042774309516
1740724042878558233
1740724042974719396
1740724043080786427
1740724043180070793
1740724043275343686
1740724043375034640
1740724043475224643
1740724043574562027
1740724043674534453
1740724043774552389
1740724043875220868
1740724043975072096
1740724044074488295
1740724044179093915
1740724044275239481
1740724044378010975
1740724044474437849
1740724044575310431
1740724044675514118
1740724044776161099
1740724044878241501
1740724044976103999
1740724045074777597
1740724045174444590
1740724045274333880
1740724045375195924
1740724045477321905
1740724045578268599
1740724045675395378
1740724045775007682
1740724045877728797
1740724045974664573
1740724046078125057
1740724046174895776
1740724046274315575
1740724046379077244
1740724046482382924
1740724046575222225
1740724046674332278
1740724046774182940
1740724046875010124
1740724046975273330
1740724047074561791
1740724047175632353
1740724047274874587
1740724047375403687
1740724047474683317
1740724047575685759
1740724047674530048
1740724047777932034
1740724047878369003
1740724047980539666
1740724048074361206
1740724048174415198
1740724048274597465
1740724048374571142
1740724048476715326
1740724048574414020
1740724048676263930
1740724048774387416
1740724048874297744
1740724048977817471
1740724049080142726
1740724049182058135
1740724049278107840
1740724049374429045
1740724049474274892
1740724049576062144
1740724049676253152
1740724049774851866
1740724049874571497
1740724049975099894
1740724050075389545
1740724050176826665
1740724050277676775
1740724050378214471
1740724050474387015
1740724050578604524
1740724050680306674
1740724050778462946
1740724050874331108
1740724050975105064
1740724051078267906
1740724051178063709
1740724051280651454
1740724051375546341
1740724051474467436
1740724051574584524
1740724051678405506
1740724051777645407
1740724051876908845
1740724051978987308
1740724052077748368
1740724052181780498
1740724052278958515
1740724052374314243
1740724052474719154
1740724052574492548
1740724052675673301
1740724052774766175
1740724052874743881
1740724052974182979
1740724053080293058
1740724053182990533
1740724053280499635
1740724053375501563
1740724053475477897
1740724053574646802
1740724053675630225
1740724053775076850
1740724053874164720
1740724053974322470
1740724054078572080
1740724054174482132
1740724054274491426
1740724054374696331
1740724054477351582
1740724054577614099
1740724054679398030
1740724054778929657
1740724054876017707
1740724054975163013
1740724055075620167
1740724055178002823
1740724055274651430
1740724055375695569
1740724055476594816
1740724055578145647
1740724055677358196
1740724055775588683
1740724055874898579
1740724055975208530
1740724056076311937
1740724056175283203
1740724056274392045
1740724056376568374
1740724056478411728
1740724056575858355
1740724056674582145
1740724056775692586
1740724056874630960
1740724056976108852
1740724057075373883
1740724057175006012
1740724057276131236
1740724057375725986
1740724057475327520
1740724057575496562
1740724057674374121
1740724057781081896
1740724057880083145
1740724057974482094
1740724058075461041
1740724058184463851
1740724058275021674
1740724058377798794
1740724058474759002
1740724058578059728
1740724058674356111
1740724058776816291
1740724058875297204
1740724058978211643
1740724059079190211
1740724059178880326
1740724059276129056
1740724059378681995
1740724059477524048
1740724059575750828
1740724059678856348
1740724059775095265
1740724059876089155
1740724059976247396
1740724060076048131
1740724060176395580
1740724060280727670
1740724060375010584
1740724060474877560
1740724060574515425
1740724060674190577
1740724060775368055
1740724060876133782
1740724060976025915
1740724061075056603
1740724061174437217
1740724061275620785
1740724061375662786
1740724061478636073
1740724061575653462
1740724061674374750
1740724061779342152
1740724061875376811
1740724061978551315
1740724062074541015
1740724062175081077
1740724062274495529
1740724062374674638
1740724062474275661
1740724062575563937
1740724062674553680
1740724062774561075
1740724062874294998
1740724062976502899
1740724063074475251
1740724063178566730
1740724063279413149
1740724063375329333
1740724063474466804
1740724063578946407
1740724063676430255
1740724063775367918
1740724063875608506
1740724063979703882
1740724064075047348
1740724064175296405
1740724064278364041
1740724064375010830
1740724064478549308
1740724064576086715
1740724064674432938
1740724064774891502
1740724064878440441
1740724064984731294
1740724065074490532
1740724065174507043
1740724065276073025
1740724065375843579
1740724065475811718
1740724065577188170
1740724065674594415
1740724065780458964
1740724065875420405
1740724065979120444
1740724066075382025
1740724066174276544
1740724066274268359
1740724066375378254
1740724066475752080
1740724066575987811
1740724066675266286
1740724066777242599
1740724066875287823
1740724066975605478
1740724067074382724
1740724067174551106
1740724067275805578
1740724067375845037
1740724067475343901
1740724067578556354
1740724067674745944
1740724067774500813
1740724067874303655
1740724067977264242
1740724068076622369
1740724068177720016
1740724068276564209
1740724068375306866
1740724068475473440
1740724068575458800
1740724068677564037
1740724068774119005
1740724068881214723
1740724068977348793
1740724069074440010
1740724069174612452
1740724069274238409
1740724069382845731
1740724069479045476
1740724069578713683
1740724069678391266
1740724069781058561
1740724069881060698
1740724069975209750
1740724070074800428
1740724070174378982
1740724070274288704
1740724070380168673
1740724070475347834
1740724070574332182
1740724070674763002
1740724070778749849
1740724070877861436
1740724070978444780
1740724071074654782
1740724071179655565
1740724071276212550
1740724071375548484
1740724071481561133
1740724071578395933
1740724071675247347
1740724071775591957
1740724071878983487
1740724071981205201
1740724072077769151
1740724072174351226
1740724072276501663
1740724072381029678
1740724072474465653
1740724072577090181
1740724072675251976
1740724072776756761
1740724072877676454
1740724072978407113
1740724073074547829
1740724073174173627
1740724073274427970
1740724073376710151
1740724073474749961
1740724073574664883
1740724073674608437
1740724073774725126
1740724073876036830
1740724073974208806
1740724074074656168
1740724074174259350
1740724074274380419
1740724074376595145
1740724074478119398
1740724074584815911
1740724074679232250
1740724074778076548
1740724074875108462
1740724074974946757
1740724075075500577
1740724075174217018
1740724075274346175
1740724075377088617
1740724075474354508
1740724075580880235
1740724075677180533
1740724075774518307
1740724075880309655
1740724075974503895
1740724076074364931
1740724076177377175
1740724076274158041
1740724076378814670
1740724076476928189
1740724076575131199
1740724076676821205
1740724076774234698
1740724076878825810
1740724076982062184
1740724077077226073
1740724077175605645
1740724077277362610
1740724077377751423
1740724077476464648
1740724077576154290
1740724077678664449
1740724077775716265
1740724077878007847
1740724077975495340
1740724078079716701
1740724078176448007
1740724078275861843
1740724078374624954
1740724078475398608
1740724078578258870
1740724078677180050
1740724078775675779
1740724078874996948
1740724078974794141
1740724079075428442
1740724079174540136
1740724079278481948
1740724079375101344
1740724079478542626
1740724079574980459
1740724079678500391
1740724079776226811
1740724079875836749
1740724079976024188
1740724080075698205
1740724080177687266
1740724080275331259
1740724080375748248
1740724080479050564
1740724080578444174
1740724080675705275
1740724080782036104
1740724080876028610
1740724080978013773
1740724081074913046
1740724081174260404
1740724081277251259
1740724081381106234
1740724081475509374
1740724081577654282
1740724081676494644
1740724081776876067
1740724081875848198
1740724081974221734
1740724082075467544
1740724082174706320
1740724082276043168
1740724082379082746
1740724082474145226
1740724082574472845
1740724082677288272
1740724082775175597
1740724082875290981
1740724082974779089
1740724083074776449
1740724083176193888
1740724083274530453
1740724083374254627
1740724083475010925
1740724083574788785
1740724083675726009
1740724083776192899
1740724083878749566
1740724083978805172
1740724084081456246
1740724084180164522
1740724084275353816
1740724084375553761
1740724084474469006
1740724084581076103
1740724084678498452
1740724084775126606
1740724084880938691
1740724084974165093
1740724085075922040
1740724085174579916
1740724085275190263
1740724085374889714
1740724085475606655
1740724085579360916
1740724085676161390
1740724085774709517
1740724085874507104
1740724085976262954
1740724086078768606
1740724086178568245
1740724086276479755
1740724086374725560
1740724086476022837
1740724086576275678
1740724086675216833
1740724086775107341
1740724086875459893
1740724086977860750
1740724087076779847
1740724087174100840
1740724087274503729
1740724087376203570
1740724087477785340
1740724087574893109
1740724087679426828
1740724087778858478
1740724087875850233
1740724087977707069
1740724088078324754
1740724088175388929
1740724088274474258
1740724088374286138
1740724088480813002
1740724088577671150
1740724088675034668
1740724088775244488
1740724088875188709
1740724088974432371
1740724089074445828
1740724089174239479
1740724089279678296
1740724089378726779
1740724089478076049
1740724089575492422
1740724089674668443
1740724089779553428
1740724089875674189
1740724089975261556
1740724090076420592
1740724090175414335
1740724090278812043
1740724090378084394
1740724090475770788
1740724090577127548
1740724090674461642
1740724090774600719
1740724090878669796
1740724090975462228
1740724091076068323
1740724091175613560
1740724091275547125
1740724091376042419
1740724091479512173
1740724091575525078
1740724091680795935
1740724091774433288
1740724091875251530
1740724091974340998
1740724092077094707
1740724092175501087
1740724092278438018
1740724092376540629
1740724092477765646
1740724092578009498
1740724092675418657
1740724092774099823
1740724092874387853
1740724092974383730
1740724093074305726
1740724093174135406
1740724093274308349
1740724093374163850
1740724093475006712
1740724093574554862
1740724093675382363
1740724093775598041
1740724093874204954
1740724093974415872
1740724094078284812
1740724094175111788
1740724094278387473
1740724094378490591
1740724094479318287
1740724094580478784
1740724094681860573
1740724094776602315
1740724094876498611
1740724094974990131
1740724095079804945
1740724095178468096
1740724095275160457
1740724095378139445
1740724095481536026
1740724095578231244
1740724095680610634
1740724095775869454
1740724095875190689
1740724095975414019
1740724096075955112
1740724096175615624
1740724096274117766
1740724096375368538
1740724096474346929
1740724096574869172
1740724096677731562
1740724096775967724
1740724096876641355
1740724096975196456
1740724097078131669
1740724097177429148
1740724097279375175
1740724097378795196
1740724097474693157
1740724097576152961
1740724097675165267
1740724097775158868
1740724097874442587
1740724097974337462
1740724098079231721
1740724098175876362
1740724098278808149
1740724098375539373
1740724098475203881
1740724098575596091
1740724098678245866
1740724098776751068
1740724098874577177
1740724098976083118
1740724099076667934
1740724099174836863
1740724099278246243
1740724099379055086
1740724099474571186
1740724099575819561
1740724099674823582
1740724099779086091
1740724099874688778
1740724099976575720
1740724100076617130
1740724100174698213
1740724100278037683
1740724100376234348
1740724100475064926
1740724100574749680
1740724100675051346
1740724100775763542
1740724100875025693
1740724100974523790
1740724101078348522
1740724101174976438
1740724101279721524
1740724101375741926
1740724101475723939
1740724101579900771
1740724101674744734
1740724101774148729
1740724101874256185
1740724101974072654
1740724102076057893
1740724102174221780
1740724102274485321
1740724102374501110
1740724102479021993
1740724102581191526
1740724102676317681
1740724102778262753
1740724102875026258
1740724102974575322
1740724103075799717
1740724103176392234
1740724103274715639
1740724103374322364
1740724103474290013
1740724103575632577
1740724103675268591
1740724103775221716
1740724103875161436
1740724103975771089
1740724104074757793
1740724104176475211
1740724104274875760
1740724104378087085
1740724104476447663
1740724104575718048
1740724104675509061
1740724104779370690
1740724104877596276
1740724104977914818
1740724105080011232
1740724105175179113
1740724105275039977
1740724105375549172
1740724105481977724
1740724105576506767
1740724105678525258
1740724105774606119
1740724105874324589
1740724105974440229
1740724106074965339
1740724106174250134
1740724106274221559
1740724106375690445
1740724106475705514
1740724106574795116
1740724106675410318
1740724106776217700
1740724106874378006
1740724106974574505
1740724107074241533
1740724107174202009
1740724107274361263
1740724107374567126
1740724107474195302
1740724107575462769
1740724107679564542
1740724107774704486
1740724107877946181
1740724107976547902
1740724108074453431
1740724108174206182
1740724108279145591
1740724108375512307
1740724108474673061
1740724108574823189
1740724108676096334
1740724108774712147
1740724108875600348
1740724108975515720
1740724109075702839
1740724109178308148
1740724109274575149
1740724109379844846
1740724109479481012
1740724109574444500
1740724109674352520
1740724109774314320
1740724109874406455
1740724109975216359
1740724110077289156
1740724110174323270
1740724110275281838
1740724110376398739
1740724110474029917
1740724110574411699
1740724110674367234
1740724110774696028
1740724110874618802
1740724110974246650
1740724111075138692
1740724111176397614
1740724111274662386
1740724111374254135
1740724111478905296
1740724111583440872
1740724111678498404
1740724111779158487
1740724111882371426
1740724111981477183
1740724112074580631
1740724112179340200
1740724112279841267
1740724112374990867
1740724112475297949
1740724112576636393
1740724112675304894
1740724112778982957
1740724112874126200
1740724112974290879
1740724113075563441
1740724113176088176
1740724113274370759
1740724113379288633
1740724113476189691
1740724113576167275
1740724113677327980
1740724113776645243
1740724113875311390
1740724113978074799
1740724114075445177
1740724114175417357
1740724114274517326
1740724114375078967
1740724114474440424
1740724114574879780
1740724114675228117
1740724114779391997
1740724114876762316
1740724114975119037
1740724115081930220
1740724115175174746
1740724115276396433
1740724115380406618
1740724115478910541
1740724115576320382
1740724115676952739
1740724115783295426
1740724115875251000
1740724115975383711
1740724116075036245
1740724116176105176
1740724116279739850
1740724116381580507
1740724116481451522
1740724116580279477
1740724116678450503
1740724116775418463
1740724116878995825
1740724116978861477
1740724117080467538
1740724117180401521
1740724117274451348
1740724117377839686
1740724117474599207
1740724117579349559
1740724117674636483
1740724117779389104
1740724117874424001
1740724117974319638
1740724118074181883
1740724118175245389
1740724118274999145
1740724118374722995
1740724118474423888
1740724118574580609
1740724118678055819
1740724118773945605
1740724118874032312
1740724118974643131
1740724119074551181
1740724119174062343
